Epoch,Train Loss,Validation Loss,Train Accuracy,Validation Accuracy,Precision,Recall
1,2.005389928817749,2.4687962532043457,0.25839999318122864,0.10000000149011612,0.4395604431629181,0.04320000112056732
2,1.8116663694381714,2.532005548477173,0.32468000054359436,0.10000000149011612,0.5143622159957886,0.08451999723911285
3,1.726104974746704,2.476705312728882,0.3667199909687042,0.10000000149011612,0.5574429035186768,0.122079998254776
4,1.6443310976028442,2.4883368015289307,0.39392000436782837,0.10000000149011612,0.5741038918495178,0.15695999562740326
5,1.5628070831298828,2.562589168548584,0.4269599914550781,0.10000000149011612,0.6049690842628479,0.2035599946975708
6,1.484602928161621,2.6008450984954834,0.457720011472702,0.25360000133514404,0.6284487843513489,0.2460000067949295
7,1.4047114849090576,2.7985434532165527,0.49031999707221985,0.3675000071525574,0.655866801738739,0.29311999678611755
8,1.3254860639572144,3.800305128097534,0.5220000147819519,0.3061000108718872,0.6775804758071899,0.3418799936771393
9,1.2483220100402832,3.47247052192688,0.5469200015068054,0.33379998803138733,0.6928310394287109,0.37883999943733215
10,1.1657389402389526,4.370667457580566,0.5781999826431274,0.3167000114917755,0.7175429463386536,0.42800000309944153
11,1.0865888595581055,3.563422441482544,0.6050800085067749,0.35100001096725464,0.7300793528556824,0.46728000044822693
12,0.9994023442268372,3.7725181579589844,0.6360800266265869,0.37290000915527344,0.7526183128356934,0.514519989490509
13,0.9122223258018494,4.623000144958496,0.6715199947357178,0.3091999888420105,0.7705597281455994,0.565559983253479
14,0.8466085195541382,3.935685396194458,0.6955599784851074,0.33709999918937683,0.7851848006248474,0.601639986038208
15,0.7620147466659546,4.2866997718811035,0.7217599749565125,0.3668999969959259,0.7991659045219421,0.6438400149345398
16,0.6889060735702515,5.067229747772217,0.7465199828147888,0.3594000041484833,0.8138282895088196,0.6831600069999695
17,0.6155292987823486,4.503302097320557,0.7765200138092041,0.390500009059906,0.8319277167320251,0.7220799922943115
18,0.5526947379112244,4.448702335357666,0.7983599901199341,0.4009000062942505,0.8425077199935913,0.7536399960517883
19,0.4851978123188019,5.362221717834473,0.8257200121879578,0.3952000141143799,0.8606997728347778,0.7881600260734558
20,0.43759483098983765,4.637869834899902,0.8417999744415283,0.435699999332428,0.8710038065910339,0.8108000159263611
21,0.39545494318008423,5.096182823181152,0.8591200113296509,0.42800000309944153,0.8844278454780579,0.8344399929046631
22,0.3551065921783447,5.08366060256958,0.8716400265693665,0.3986000120639801,0.8933372497558594,0.850600004196167
23,0.3255525529384613,4.4643144607543945,0.8822399973869324,0.454800009727478,0.901735782623291,0.8644400238990784
24,0.2981332838535309,5.093888282775879,0.8935199975967407,0.4311000108718872,0.9079551696777344,0.8779199719429016
25,0.2723754942417145,5.483837604522705,0.900879979133606,0.44190001487731934,0.9150701761245728,0.8865200281143188
26,0.26847076416015625,5.21103572845459,0.9013599753379822,0.4325999915599823,0.9171102046966553,0.8891199827194214
27,0.23774711787700653,4.413366794586182,0.9151600003242493,0.4894999861717224,0.925485372543335,0.9056800007820129
28,0.22550566494464874,3.8367111682891846,0.9190800189971924,0.5181999802589417,0.9292281270027161,0.9096400141716003
29,0.21512696146965027,3.690934658050537,0.9235600233078003,0.5353999733924866,0.9333523511886597,0.9153199791908264
30,0.20238707959651947,4.0475077629089355,0.9277999997138977,0.513700008392334,0.9361832141876221,0.9206799864768982
31,0.20061106979846954,3.769793748855591,0.9294800162315369,0.5322999954223633,0.9374085664749146,0.9225599765777588
32,0.1878690868616104,4.843979835510254,0.9337199926376343,0.47600001096725464,0.9402954578399658,0.9266800284385681
33,0.18273994326591492,4.2612128257751465,0.935479998588562,0.5072000026702881,0.9425217509269714,0.9281200170516968
34,0.175749734044075,4.2128520011901855,0.9368000030517578,0.51910001039505,0.943721354007721,0.9309999942779541
35,0.1647101491689682,4.466689586639404,0.9427599906921387,0.49470001459121704,0.948162853717804,0.9372400045394897
36,0.16179853677749634,5.023819923400879,0.9430000185966492,0.49559998512268066,0.9488933086395264,0.9380000233650208
37,0.15798591077327728,5.81367301940918,0.9440799951553345,0.45669999718666077,0.9496399760246277,0.939079999923706
38,0.1537623405456543,4.5782952308654785,0.9458000063896179,0.5062000155448914,0.9518915414810181,0.9410399794578552
39,0.15457424521446228,4.43378210067749,0.9467200040817261,0.4925999939441681,0.9515842199325562,0.9418399930000305
40,0.14065700769424438,4.0169453620910645,0.950760006904602,0.5271999835968018,0.956249475479126,0.9468399882316589
41,0.13819520175457,4.127147674560547,0.9500399827957153,0.5090000033378601,0.9548316597938538,0.9462000131607056
42,0.12843087315559387,4.642061233520508,0.9562000036239624,0.49729999899864197,0.95991450548172,0.9521200060844421
43,0.132246732711792,3.840014934539795,0.9530799984931946,0.5376999974250793,0.9575034379959106,0.9499199986457825
44,0.13030052185058594,4.5376152992248535,0.9560400247573853,0.517799973487854,0.9601887464523315,0.9521999955177307
45,0.13301199674606323,3.716780185699463,0.9538400173187256,0.5329999923706055,0.9580377340316772,0.9506800174713135
46,0.12102897465229034,3.2872512340545654,0.9590799808502197,0.5835000276565552,0.9629958271980286,0.9556000232696533
47,0.12569259107112885,3.635035991668701,0.9564800262451172,0.5447999835014343,0.960037112236023,0.9522799849510193
48,0.09561557322740555,3.934931755065918,0.9677199721336365,0.5566999912261963,0.9701990485191345,0.964959979057312
49,0.1241178885102272,3.9883155822753906,0.9559599757194519,0.5437999963760376,0.9593685865402222,0.9529600143432617
50,0.11215130239725113,4.145500183105469,0.9607200026512146,0.5293999910354614,0.9638859629631042,0.9576399922370911
51,0.10717754811048508,4.264294147491455,0.9630399942398071,0.5340999960899353,0.9665123820304871,0.9605200290679932
52,0.09913048148155212,4.206521511077881,0.9649199843406677,0.5410000085830688,0.9681288003921509,0.9623200297355652
53,0.10483121126890182,3.667442560195923,0.9649999737739563,0.5658000111579895,0.9680328369140625,0.9617599844932556
54,0.10875606536865234,3.9634408950805664,0.9612399935722351,0.5383999943733215,0.9642742276191711,0.9587200284004211
55,0.09086726605892181,4.375232219696045,0.9686400294303894,0.5340999960899353,0.9714549779891968,0.9665200114250183
56,0.09385381639003754,3.653352975845337,0.9677199721336365,0.5550000071525574,0.970166027545929,0.9651600122451782
57,0.089115671813488,3.781132698059082,0.9693599939346313,0.565500020980835,0.9723383784294128,0.9673600196838379
58,0.09949018806219101,3.9795994758605957,0.9655600190162659,0.5515000224113464,0.9680880904197693,0.9634799957275391
59,0.08474977314472198,3.4673938751220703,0.9708799719810486,0.5813999772071838,0.9731673002243042,0.9690799713134766
60,0.093050017952919,4.040430068969727,0.9686400294303894,0.5655999779701233,0.9707193374633789,0.9667199850082397
61,0.08116757124662399,3.8935441970825195,0.9716799855232239,0.5568000078201294,0.9742456674575806,0.9699199795722961
62,0.08499187231063843,3.3384830951690674,0.9715200066566467,0.5687999725341797,0.9731888175010681,0.9698799848556519
63,0.0840737596154213,3.9823312759399414,0.9701200127601624,0.5662999749183655,0.9726753830909729,0.9682400226593018
64,0.08625384420156479,4.053684234619141,0.9708799719810486,0.5503000020980835,0.9726483821868896,0.9686800241470337
65,0.07698825001716614,3.5001773834228516,0.9726799726486206,0.5846999883651733,0.974620521068573,0.97079998254776
66,0.0841517448425293,3.662247896194458,0.9714800119400024,0.5699999928474426,0.9734125733375549,0.9694799780845642
67,0.08016540855169296,3.4052488803863525,0.9708399772644043,0.5831999778747559,0.9726995229721069,0.9691200256347656
68,0.07207218557596207,3.4671595096588135,0.9751999974250793,0.5703999996185303,0.9767600297927856,0.9733999967575073
69,0.07247427850961685,4.059305667877197,0.9750800132751465,0.5619999766349792,0.9765622019767761,0.9733200073242188
70,0.0681636855006218,3.951061487197876,0.976360023021698,0.5562999844551086,0.9777029156684875,0.9751999974250793
71,0.07891347259283066,3.4481360912323,0.9718800187110901,0.5884000062942505,0.9741271734237671,0.9698799848556519
72,0.07311257719993591,4.345719337463379,0.9749199748039246,0.5514000058174133,0.9767581820487976,0.9733200073242188
73,0.07363443076610565,3.7278990745544434,0.9737600088119507,0.5709999799728394,0.9755157828330994,0.9721599817276001
74,0.06753164529800415,3.8405308723449707,0.9758800268173218,0.58160001039505,0.9777670502662659,0.974560022354126
75,0.0651271864771843,4.217426300048828,0.9770799875259399,0.5486000180244446,0.978147566318512,0.9757999777793884
76,0.07761657238006592,4.266211986541748,0.9732800126075745,0.5530999898910522,0.9747632741928101,0.9718000292778015
77,0.052566733211278915,4.267270565032959,0.9818000197410583,0.5530999898910522,0.9831228852272034,0.9809600114822388
78,0.06709175556898117,3.4608914852142334,0.9765200018882751,0.5896000266075134,0.9779435396194458,0.9754400253295898
79,0.067890465259552,3.98779559135437,0.9765200018882751,0.5684999823570251,0.9781326651573181,0.9751200079917908
80,0.05447949096560478,4.014183044433594,0.9814800024032593,0.576200008392334,0.9827157258987427,0.9801999926567078
81,0.06874196976423264,4.175372123718262,0.9756799936294556,0.5637999773025513,0.9774469137191772,0.9742799997329712
82,0.06093665957450867,4.465324401855469,0.9787600040435791,0.5550000071525574,0.9799510836601257,0.9775599837303162
83,0.07165621966123581,3.8553173542022705,0.9753999710083008,0.5586000084877014,0.9767395257949829,0.9742000102996826
84,0.0451839454472065,3.6171867847442627,0.9855599999427795,0.585099995136261,0.9859403371810913,0.9845600128173828
85,0.06818387657403946,3.839637517929077,0.9769200086593628,0.5701000094413757,0.9782617688179016,0.9756399989128113
86,0.054621100425720215,3.5396783351898193,0.9810000061988831,0.5925999879837036,0.9818816184997559,0.9797999858856201
87,0.06635567545890808,4.368924140930176,0.9774799942970276,0.5475000143051147,0.9788966774940491,0.9759600162506104
88,0.05501532927155495,4.342076301574707,0.9810000061988831,0.5647000074386597,0.9822781682014465,0.979960024356842
89,0.05573524534702301,4.113785743713379,0.9805600047111511,0.5681999921798706,0.9818363785743713,0.9794800281524658
90,0.046536635607481,3.8169054985046387,0.9841200113296509,0.5776000022888184,0.985012412071228,0.9832000136375427
91,0.07239482551813126,4.094903469085693,0.9754800200462341,0.5623000264167786,0.976732075214386,0.9738799929618835
92,0.05055682733654976,3.7066447734832764,0.9821599721908569,0.5802000164985657,0.9830868244171143,0.9811599850654602
93,0.05389409139752388,3.654309034347534,0.9812399744987488,0.5810999870300293,0.982248067855835,0.9804800152778625
94,0.05133678764104843,3.9581966400146484,0.9830800294876099,0.5763999819755554,0.9841676950454712,0.9821599721908569
95,0.06044676899909973,3.57513165473938,0.9796000123023987,0.5866000056266785,0.9804117679595947,0.9789999723434448
96,0.04607873409986496,3.895057439804077,0.9838799834251404,0.5809999704360962,0.9852056503295898,0.9829199910163879
97,0.05178648233413696,3.6040494441986084,0.9819999933242798,0.595300018787384,0.983367383480072,0.981440007686615
98,0.05323845520615578,4.010313034057617,0.9816399812698364,0.5665000081062317,0.9826114773750305,0.9810000061988831
99,0.04619861766695976,3.424532413482666,0.9841200113296509,0.5949000120162964,0.9850961565971375,0.983519971370697
100,0.05214568227529526,3.722780704498291,0.9821599721908569,0.582099974155426,0.9832063913345337,0.9812399744987488