Epoch,Train Loss,Validation Loss,Train Accuracy,Validation Accuracy,Precision,Recall
1,2.0553085803985596,2.4209985733032227,0.2378000020980835,0.10000000149011612,0.4381006360054016,0.038750000298023224
2,1.8501518964767456,2.6236960887908936,0.31779998540878296,0.10000000149011612,0.5163934230804443,0.07559999823570251
3,1.7663487195968628,2.6336989402770996,0.34804999828338623,0.10000000149011612,0.546798050403595,0.11100000143051147
4,1.6997402906417847,2.676830291748047,0.37894999980926514,0.10000000149011612,0.5852643847465515,0.14775000512599945
5,1.6385738849639893,2.848457098007202,0.39910000562667847,0.10000000149011612,0.6047437787055969,0.17464999854564667
6,1.5764493942260742,3.021794319152832,0.4265500009059906,0.10000000149011612,0.6156761646270752,0.20305000245571136
7,1.5031204223632812,3.0500612258911133,0.45524999499320984,0.12200000137090683,0.6404914259910583,0.23980000615119934
8,1.4312151670455933,2.614553451538086,0.4830000102519989,0.2809000015258789,0.656162440776825,0.28110000491142273
9,1.3621543645858765,3.1742448806762695,0.5053499937057495,0.3490000069141388,0.669691264629364,0.3210499882698059
10,1.283016324043274,4.282991409301758,0.5325999855995178,0.31610000133514404,0.6853180527687073,0.3582499921321869
11,1.2113268375396729,5.065761566162109,0.5595499873161316,0.29170000553131104,0.7044679522514343,0.4028500020503998
12,1.1216623783111572,5.82202672958374,0.5917999744415283,0.24459999799728394,0.7255344986915588,0.44964998960494995
13,1.0425270795822144,5.254562854766846,0.6242499947547913,0.2930999994277954,0.7428058981895447,0.4968999922275543
14,0.9707375168800354,6.033084869384766,0.647849977016449,0.271699994802475,0.7510037422180176,0.5331000089645386
15,0.8716813325881958,5.032951354980469,0.6880000233650208,0.3391000032424927,0.776260495185852,0.5911999940872192
16,0.7923203706741333,4.826390266418457,0.713100016117096,0.3328000009059906,0.7925384640693665,0.6287999749183655
17,0.7147394418716431,4.384354591369629,0.7408499717712402,0.3361000120639801,0.8054989576339722,0.6723499894142151
18,0.6316865682601929,4.982235431671143,0.7714499831199646,0.3472999930381775,0.826325535774231,0.7153499722480774
19,0.5744724869728088,5.043239593505859,0.7899500131607056,0.3643999993801117,0.8380209803581238,0.7419000267982483
20,0.5004196763038635,5.728289604187012,0.8195000290870667,0.35179999470710754,0.8569322228431702,0.7846500277519226
21,0.4583626389503479,5.743690013885498,0.8307999968528748,0.35679998993873596,0.8639110922813416,0.8004999756813049
22,0.4108354151248932,5.669339179992676,0.8549500107765198,0.391400009393692,0.8797239661216736,0.8287000060081482
23,0.3773820698261261,5.439326286315918,0.8618500232696533,0.3797000050544739,0.8842665553092957,0.8385499715805054
24,0.3334920108318329,5.073470115661621,0.882099986076355,0.40209999680519104,0.8998384475708008,0.863349974155426
25,0.30792689323425293,5.583189010620117,0.888450026512146,0.4302000105381012,0.9040016531944275,0.871999979019165
26,0.2815023958683014,5.157037734985352,0.9013500213623047,0.41519999504089355,0.9143224954605103,0.8873500227928162
27,0.2756114602088928,5.088106632232666,0.9020000100135803,0.43779999017715454,0.915765643119812,0.8892999887466431
28,0.25213322043418884,4.848994731903076,0.9103000164031982,0.4415000081062317,0.9219927191734314,0.8994500041007996
29,0.22888696193695068,3.9840915203094482,0.9198499917984009,0.49630001187324524,0.9298442602157593,0.9105499982833862
30,0.22546245157718658,5.781023979187012,0.9185500144958496,0.4553999900817871,0.9288157820701599,0.9094499945640564
31,0.22072072327136993,4.9099836349487305,0.9218999743461609,0.4487000107765198,0.9325200319290161,0.9134500026702881
32,0.21358227729797363,4.720290184020996,0.922950029373169,0.4731000065803528,0.9322232604026794,0.9153500199317932
33,0.17678922414779663,4.374755859375,0.9380000233650208,0.48969998955726624,0.94474858045578,0.9319000244140625
34,0.1975041925907135,5.437918186187744,0.9319000244140625,0.4496000111103058,0.939854621887207,0.9243000149726868
35,0.1710965931415558,4.556819915771484,0.9421499967575073,0.4860999882221222,0.9483622908592224,0.9366499781608582
36,0.1809779554605484,6.160641670227051,0.9355999827384949,0.44200000166893005,0.942213237285614,0.9301999807357788
37,0.16955780982971191,5.526113510131836,0.9405999779701233,0.43299999833106995,0.9471791982650757,0.9351500272750854
38,0.15553182363510132,4.157837867736816,0.9455500245094299,0.4941999912261963,0.9511196613311768,0.9408000111579895
39,0.1561696082353592,4.367884159088135,0.9441499710083008,0.48730000853538513,0.9495654106140137,0.9394999742507935
40,0.15331608057022095,4.32481050491333,0.9465500116348267,0.4860999882221222,0.9525398015975952,0.942300021648407
41,0.15014509856700897,4.472153663635254,0.9469000101089478,0.503000020980835,0.9523689150810242,0.9427499771118164
42,0.1326531022787094,4.035305976867676,0.9531999826431274,0.522599995136261,0.9571925401687622,0.9491999745368958
43,0.13771052658557892,5.3722639083862305,0.9510499835014343,0.46129998564720154,0.9557865858078003,0.9468500018119812
44,0.15903225541114807,4.639416217803955,0.9417499899864197,0.48339998722076416,0.9478955864906311,0.9369000196456909
45,0.11846102774143219,4.241168022155762,0.9582499861717224,0.5163000226020813,0.9619666337966919,0.954800009727478
46,0.12933245301246643,4.971972942352295,0.9557999968528748,0.4805000126361847,0.959044873714447,0.9519000053405762
47,0.12911953032016754,4.508848190307617,0.9560499787330627,0.487199991941452,0.959264874458313,0.9525499939918518
48,0.12736330926418304,5.301233768463135,0.9573500156402588,0.4553999900817871,0.9608040452003479,0.9535499811172485
49,0.12487542629241943,3.8376574516296387,0.9575499892234802,0.5313000082969666,0.9614105820655823,0.954200029373169
50,0.1053159087896347,5.772689342498779,0.9642500281333923,0.4618000090122223,0.9676347970962524,0.9611999988555908
51,0.12237760424613953,4.609528541564941,0.958050012588501,0.5011000037193298,0.9617844223976135,0.9550999999046326
52,0.10623843222856522,4.066797733306885,0.9633499979972839,0.5249999761581421,0.9664385914802551,0.960349977016449
53,0.11963576823472977,3.7887513637542725,0.9573000073432922,0.5322999954223633,0.9614202976226807,0.9544500112533569
54,0.09657945483922958,5.400836944580078,0.9672999978065491,0.45170000195503235,0.9696969985961914,0.9648000001907349
55,0.11007987707853317,5.386352062225342,0.9614999890327454,0.46149998903274536,0.964697003364563,0.9591500163078308
56,0.09020452946424484,3.7577075958251953,0.9695000052452087,0.551800012588501,0.9723212718963623,0.9678000211715698
57,0.10598459839820862,4.938709259033203,0.9633499979972839,0.48170000314712524,0.9664520621299744,0.9607499837875366
58,0.11093612015247345,4.133256912231445,0.9622499942779541,0.5335000157356262,0.9653940796852112,0.9596499800682068
59,0.09111522138118744,5.080514430999756,0.9689000248908997,0.4828000068664551,0.9714170694351196,0.9668999910354614
60,0.08451798558235168,4.038997173309326,0.9711499810218811,0.5270000100135803,0.973538875579834,0.9694499969482422
61,0.10145340114831924,4.112359523773193,0.9660000205039978,0.5194000005722046,0.968454897403717,0.9639999866485596
62,0.08926151692867279,4.031898498535156,0.9701499938964844,0.5315999984741211,0.9716952443122864,0.9681000113487244
63,0.08889075368642807,4.090728282928467,0.9695000052452087,0.539900004863739,0.9721649885177612,0.9674500226974487
64,0.08999891579151154,4.513487339019775,0.9689499735832214,0.5012999773025513,0.9714199900627136,0.9670000076293945
65,0.0982947051525116,4.110009670257568,0.9650999903678894,0.5254999995231628,0.9676333069801331,0.9626500010490417
66,0.07365308701992035,4.484889507293701,0.9761000275611877,0.5149999856948853,0.9777209162712097,0.9742500185966492
67,0.08309714496135712,4.402941703796387,0.9703999757766724,0.521399974822998,0.972346305847168,0.9686999917030334
68,0.09330219775438309,4.465129852294922,0.9664499759674072,0.5214999914169312,0.9691596627235413,0.9647499918937683
69,0.0703723356127739,3.975497007369995,0.9764999747276306,0.5609999895095825,0.9779227375984192,0.9745000004768372
70,0.0837705209851265,3.9518566131591797,0.9699500203132629,0.5512999892234802,0.9723826050758362,0.9682499766349792
71,0.07016022503376007,4.118306636810303,0.9761000275611877,0.5393000245094299,0.9777421355247498,0.9751999974250793
72,0.08240100741386414,4.0048370361328125,0.9733499884605408,0.5281999707221985,0.97512286901474,0.972100019454956
73,0.07670861482620239,4.280921459197998,0.9724500179290771,0.5335999727249146,0.9740246534347534,0.9711999893188477
74,0.07429035753011703,4.188410758972168,0.9752500057220459,0.544700026512146,0.9768713712692261,0.973550021648407
75,0.06546928733587265,4.788861274719238,0.9780499935150146,0.5170000195503235,0.9791969656944275,0.9767000079154968
76,0.08632256835699081,4.799506664276123,0.9701499938964844,0.48899999260902405,0.9719616770744324,0.9689000248908997
77,0.061984188854694366,4.979426860809326,0.9784500002861023,0.5145000219345093,0.9794997572898865,0.9771000146865845
78,0.07456771284341812,4.802116394042969,0.9744499921798706,0.5127999782562256,0.9759827256202698,0.9732499718666077
79,0.07237368077039719,4.146291255950928,0.9747499823570251,0.5325999855995178,0.9764280915260315,0.9734500050544739
80,0.06486093997955322,5.2283430099487305,0.9777500033378601,0.5006999969482422,0.9788492321968079,0.9764999747276306
81,0.06454596668481827,4.180905818939209,0.9775000214576721,0.5439000129699707,0.9791907072067261,0.9764000177383423
82,0.06797667592763901,4.239864826202393,0.9764500260353088,0.5432999730110168,0.9778858423233032,0.9750499725341797
83,0.049901314079761505,3.5369033813476562,0.9826499819755554,0.5673999786376953,0.9837683439254761,0.9818500280380249
84,0.09656786918640137,4.695842742919922,0.9668999910354614,0.5212000012397766,0.9687138795852661,0.9645000100135803
85,0.053271207958459854,4.402353763580322,0.9817000031471252,0.5406000018119812,0.9829132556915283,0.9807999730110168
86,0.04563431814312935,4.122285842895508,0.9840999841690063,0.5514000058174133,0.9849243760108948,0.9832500219345093
87,0.07366898655891418,4.952978134155273,0.9761999845504761,0.4977000057697296,0.9774323105812073,0.9745000004768372
88,0.08592179417610168,4.32529354095459,0.9711999893188477,0.5465999841690063,0.9731506705284119,0.9695500135421753
89,0.035274848341941833,4.0523810386657715,0.9883999824523926,0.5407999753952026,0.9889845848083496,0.9876000285148621
90,0.057000692933797836,4.853612422943115,0.9811000227928162,0.5241000056266785,0.981967568397522,0.9801999926567078
91,0.06922554969787598,4.1627044677734375,0.9764000177383423,0.5515000224113464,0.9781779646873474,0.9749500155448914
92,0.051651109009981155,3.904571771621704,0.9826499819755554,0.5582000017166138,0.9834685921669006,0.9815999865531921
93,0.06132351979613304,4.2171854972839355,0.9796500205993652,0.5479999780654907,0.9809590578079224,0.9788500070571899
94,0.06857355684041977,4.088747024536133,0.9768999814987183,0.546500027179718,0.9785847067832947,0.975600004196167
95,0.04382145777344704,3.686447858810425,0.9850500226020813,0.5746999979019165,0.98592609167099,0.984250009059906
96,0.05586618185043335,4.724407196044922,0.98089998960495,0.5095999836921692,0.9821562767028809,0.9797499775886536
97,0.0530315525829792,4.046480178833008,0.9815000295639038,0.5539000034332275,0.9829599261283875,0.980650007724762
98,0.06340120732784271,4.547796726226807,0.9781000018119812,0.5339000225067139,0.9790069460868835,0.9769999980926514
99,0.05589072033762932,4.109088897705078,0.9803500175476074,0.5358999967575073,0.9811198115348816,0.9795500040054321
100,0.0449259988963604,5.173671722412109,0.9843500256538391,0.5120999813079834,0.9852749705314636,0.9836000204086304