Epoch,Train Loss,Validation Loss,Train Accuracy,Validation Accuracy,Precision,Recall
1,2.1364054679870605,2.31836199760437,0.2240000069141388,0.10000000149011612,0.3943965435028076,0.03660000115633011
2,1.7546330690383911,2.4368162155151367,0.3476000130176544,0.10000000149011612,0.5503472089767456,0.12680000066757202
3,1.612860083580017,2.70367693901062,0.4007999897003174,0.10000000149011612,0.5902031064033508,0.19760000705718994
4,1.4488005638122559,3.0717432498931885,0.47119998931884766,0.10000000149011612,0.660977840423584,0.2865999937057495
5,1.3663285970687866,3.2632594108581543,0.4970000088214874,0.10000000149011612,0.6579895615577698,0.3285999894142151
6,1.2309041023254395,3.4489998817443848,0.5537999868392944,0.10000000149011612,0.7055456042289734,0.3944000005722046
7,1.1534847021102905,3.6234443187713623,0.5834000110626221,0.10000000149011612,0.7340425252914429,0.4415999948978424
8,1.079161524772644,3.7464373111724854,0.6087999939918518,0.10000000149011612,0.7285192012786865,0.4781999886035919
9,0.9594586491584778,3.8490703105926514,0.6531999707221985,0.10000000149011612,0.7545978426933289,0.5497999787330627
10,0.8571264147758484,3.932380437850952,0.6949999928474426,0.10000000149011612,0.7875944972038269,0.6043999791145325
11,0.737986147403717,4.014822006225586,0.7390000224113464,0.10000000149011612,0.8138219118118286,0.6618000268936157
12,0.6791349053382874,4.175203800201416,0.7685999870300293,0.10000000149011612,0.8304766416549683,0.7074000239372253
13,0.6022224426269531,4.094613075256348,0.7914000153541565,0.10000000149011612,0.8412268757820129,0.7459999918937683
14,0.5307634472846985,4.342223644256592,0.8158000111579895,0.10000000149011612,0.8564192652702332,0.7778000235557556
15,0.5241432189941406,4.4335761070251465,0.8141999840736389,0.10000000149011612,0.8558894395828247,0.7803999781608582
16,0.4039961099624634,4.6270036697387695,0.86080002784729,0.10000000149011612,0.8884156942367554,0.8343999981880188
17,0.3813377320766449,4.982982158660889,0.8658000230789185,0.10000000149011612,0.8903850317001343,0.8464000225067139
18,0.3564242124557495,4.95977783203125,0.8718000054359436,0.10000000149011612,0.8959209322929382,0.8521999716758728
19,0.3079746961593628,5.067761421203613,0.8934000134468079,0.10000000149011612,0.9099605083465576,0.8751999735832214
20,0.30216920375823975,5.220852851867676,0.8939999938011169,0.10000000149011612,0.9097495079040527,0.8790000081062317
21,0.2512255012989044,5.560731887817383,0.9147999882698059,0.10000000149011612,0.9272951483726501,0.902999997138977
22,0.21435357630252838,5.859661102294922,0.925000011920929,0.09989999979734421,0.9368098378181458,0.9161999821662903
23,0.3008430600166321,5.278042316436768,0.8992000222206116,0.10080000013113022,0.9138785600662231,0.8849999904632568
24,0.1983843445777893,6.449639320373535,0.9309999942779541,0.10000000149011612,0.9436706304550171,0.9214000105857849
25,0.2098001092672348,6.13693904876709,0.9279999732971191,0.11289999634027481,0.9391463994979858,0.9197999835014343
26,0.19771362841129303,5.965023994445801,0.9351999759674072,0.10599999874830246,0.9434694051742554,0.9246000051498413
27,0.17884132266044617,6.056063175201416,0.9380000233650208,0.11289999634027481,0.9470050930976868,0.9327999949455261
28,0.15917183458805084,5.504428386688232,0.9440000057220459,0.14100000262260437,0.9508529901504517,0.9363999962806702
29,0.153361976146698,5.863583564758301,0.9473999738693237,0.14970000088214874,0.9532994627952576,0.9390000104904175
30,0.1543898582458496,3.8357441425323486,0.9484000205993652,0.2818000018596649,0.9540578722953796,0.942799985408783
31,0.175051748752594,2.9479081630706787,0.9399999976158142,0.4009000062942505,0.9468775391578674,0.9340000152587891
32,0.19956724345684052,3.0732834339141846,0.9332000017166138,0.48100000619888306,0.9411884546279907,0.925000011920929
33,0.10743603855371475,3.2541959285736084,0.9639999866485596,0.48660001158714294,0.9681001305580139,0.9589999914169312
34,0.07603040337562561,3.2698898315429688,0.9765999913215637,0.4975000023841858,0.979095458984375,0.9742000102996826
35,0.12433096021413803,4.5748209953308105,0.9571999907493591,0.49129998683929443,0.9614608287811279,0.953000009059906
36,0.24756745994091034,10.792489051818848,0.9175999760627747,0.2935999929904938,0.9276396036148071,0.9101999998092651
37,0.1316552460193634,11.348006248474121,0.9545999765396118,0.31700000166893005,0.9610705375671387,0.9480000138282776
38,0.1472378969192505,10.757997512817383,0.9498000144958496,0.33809998631477356,0.9545637965202332,0.9453999996185303
39,0.11755317449569702,16.5102596282959,0.9616000056266785,0.19979999959468842,0.9652875661849976,0.95660001039505
40,0.11347904056310654,11.035215377807617,0.9625999927520752,0.35580000281333923,0.9668887257575989,0.9577999711036682
41,0.1462111920118332,14.121906280517578,0.9495999813079834,0.27790001034736633,0.9543526768684387,0.9449999928474426
42,0.17161588370800018,12.846216201782227,0.9430000185966492,0.2962000072002411,0.9477309584617615,0.9355999827384949
43,0.06833482533693314,13.540444374084473,0.9764000177383423,0.28870001435279846,0.9791038632392883,0.9746000170707703
44,0.020372234284877777,7.876486778259277,0.9932000041007996,0.42309999465942383,0.9939916133880615,0.9926000237464905
45,0.031212329864501953,8.915010452270508,0.9891999959945679,0.4041999876499176,0.9903788566589355,0.9882000088691711
46,0.21062003076076508,19.89302635192871,0.932200014591217,0.20360000431537628,0.9394491910934448,0.9277999997138977
47,0.2017175257205963,23.041650772094727,0.9312000274658203,0.18979999423027039,0.9427987933158875,0.9229999780654907
48,0.08816613256931305,15.990275382995605,0.9700000286102295,0.25609999895095825,0.9742351174354553,0.9679999947547913
49,0.04951028525829315,14.941566467285156,0.984000027179718,0.29600000381469727,0.9863508343696594,0.9828000068664551
50,0.031566642224788666,16.651611328125,0.9904000163078308,0.2667999863624573,0.9913845062255859,0.9896000027656555
51,0.08802162855863571,13.490778923034668,0.9714000225067139,0.28850001096725464,0.973853588104248,0.9684000015258789
52,0.20682097971439362,15.88636589050293,0.9305999875068665,0.29580000042915344,0.9368784427642822,0.9232000112533569
53,0.1673865169286728,11.415238380432129,0.9435999989509583,0.32249999046325684,0.9499087333679199,0.9368000030517578
54,0.04874999821186066,11.692740440368652,0.9854000210762024,0.32839998602867126,0.9871485829353333,0.9832000136375427
55,0.03293881565332413,10.130281448364258,0.9890000224113464,0.36309999227523804,0.9893915057182312,0.9886000156402588
56,0.04178185760974884,9.9182767868042,0.9850000143051147,0.36169999837875366,0.9857715368270874,0.9837999939918518
57,0.09444708377122879,12.526911735534668,0.9692000150680542,0.3156999945640564,0.9720377922058105,0.9664000272750854
58,0.12467729300260544,28.336050033569336,0.95660001039505,0.17249999940395355,0.9612356424331665,0.9521999955177307
59,0.17959141731262207,16.877742767333984,0.9440000057220459,0.24889999628067017,0.9496155381202698,0.9386000037193298
60,0.08723416924476624,14.658473014831543,0.9679999947547913,0.28279998898506165,0.9720040559768677,0.9652000069618225
61,0.021038886159658432,9.305563926696777,0.9944000244140625,0.41659998893737793,0.9949929714202881,0.9936000108718872
62,0.005476555787026882,7.638936519622803,0.9987999796867371,0.4499000012874603,0.998799741268158,0.9986000061035156
63,0.0007460932247340679,6.3884077072143555,1.0,0.48069998621940613,1.0,1.0
64,0.0002799929934553802,5.434108257293701,1.0,0.5054000020027161,1.0,1.0
65,0.00020443009270820767,4.749626159667969,1.0,0.5249999761581421,1.0,1.0
66,0.00016590514860581607,4.252183437347412,1.0,0.5389999747276306,1.0,1.0
67,0.00013960078649688512,3.8891894817352295,1.0,0.5501999855041504,1.0,1.0
68,0.00011990174243692309,3.6226704120635986,1.0,0.5598000288009644,1.0,1.0
69,0.00010452504648128524,3.4269626140594482,1.0,0.5641000270843506,1.0,1.0
70,9.196584142046049e-05,3.282977819442749,1.0,0.5680000185966492,1.0,1.0
71,8.162035373970866e-05,3.1737208366394043,1.0,0.5699999928474426,1.0,1.0
72,7.28456798242405e-05,3.0906102657318115,1.0,0.572700023651123,1.0,1.0
73,6.534194835694507e-05,3.028233051300049,1.0,0.5741000175476074,1.0,1.0
74,5.885713835596107e-05,2.981407880783081,1.0,0.5756999850273132,1.0,1.0
75,5.321389835444279e-05,2.9463205337524414,1.0,0.576200008392334,1.0,1.0
76,4.822827395400964e-05,2.920013904571533,1.0,0.5776000022888184,1.0,1.0
77,4.381550388643518e-05,2.9008002281188965,1.0,0.5781999826431274,1.0,1.0
78,3.990566256106831e-05,2.8869056701660156,1.0,0.5778999924659729,1.0,1.0
79,3.6417208320926875e-05,2.877903699874878,1.0,0.5773000121116638,1.0,1.0
80,3.3240947232116014e-05,2.8725521564483643,1.0,0.5763999819755554,1.0,1.0
81,3.040424780920148e-05,2.869844913482666,1.0,0.5764999985694885,1.0,1.0
82,2.7841106202686206e-05,2.869805335998535,1.0,0.5764999985694885,1.0,1.0
83,2.552712248871103e-05,2.8714523315429688,1.0,0.5763999819755554,1.0,1.0
84,2.3422599042532966e-05,2.874924421310425,1.0,0.5760999917984009,1.0,1.0
85,2.151610351575073e-05,2.8795087337493896,1.0,0.5758000016212463,1.0,1.0
86,1.9767005142057315e-05,2.8849868774414062,1.0,0.5756999850273132,1.0,1.0
87,1.8173628632212058e-05,2.891587018966675,1.0,0.5751000046730042,1.0,1.0
88,1.6718524420866743e-05,2.898935556411743,1.0,0.5751000046730042,1.0,1.0
89,1.538320429972373e-05,2.9066383838653564,1.0,0.5748000144958496,1.0,1.0
90,1.4161712897475809e-05,2.91536021232605,1.0,0.5742999911308289,1.0,1.0
91,1.303887074755039e-05,2.9241552352905273,1.0,0.5742999911308289,1.0,1.0
92,1.2014184903819114e-05,2.9335005283355713,1.0,0.5742999911308289,1.0,1.0
93,1.1066297702200245e-05,2.9431328773498535,1.0,0.5742999911308289,1.0,1.0
94,1.0199170901614707e-05,2.9529857635498047,1.0,0.5740000009536743,1.0,1.0
95,9.404435331816785e-06,2.962844133377075,1.0,0.5741000175476074,1.0,1.0
96,8.670437637192663e-06,2.973334550857544,1.0,0.5741999745368958,1.0,1.0
97,7.993903636815958e-06,2.9838433265686035,1.0,0.5741999745368958,1.0,1.0
98,7.372560048679588e-06,2.9946813583374023,1.0,0.5741999745368958,1.0,1.0
99,6.798331469326513e-06,3.0054237842559814,1.0,0.5742999911308289,1.0,1.0
100,6.271276106417645e-06,3.016446590423584,1.0,0.574400007724762,1.0,1.0
101,5.783844244433567e-06,3.027801513671875,1.0,0.5742999911308289,1.0,1.0
102,5.333496574166929e-06,3.0387020111083984,1.0,0.5741999745368958,1.0,1.0
103,4.919663751934422e-06,3.050063133239746,1.0,0.5746999979019165,1.0,1.0
104,4.538980647339486e-06,3.061607599258423,1.0,0.5742999911308289,1.0,1.0
105,4.184919362160144e-06,3.072986364364624,1.0,0.574400007724762,1.0,1.0
106,3.860798187815817e-06,3.0847012996673584,1.0,0.574400007724762,1.0,1.0
107,3.560763616405893e-06,3.0960681438446045,1.0,0.5745000243186951,1.0,1.0
108,3.2844302495504962e-06,3.1078388690948486,1.0,0.5745999813079834,1.0,1.0
109,3.0291448638308793e-06,3.1196448802948,1.0,0.5752999782562256,1.0,1.0
110,2.794738975353539e-06,3.131279706954956,1.0,0.5755000114440918,1.0,1.0
111,2.5772494609554997e-06,3.143028974533081,1.0,0.5758000016212463,1.0,1.0
112,2.3769168819853803e-06,3.1549477577209473,1.0,0.5759999752044678,1.0,1.0
113,2.1925281998846913e-06,3.1667051315307617,1.0,0.576200008392334,1.0,1.0
114,2.0229224446666194e-06,3.1785590648651123,1.0,0.5764999985694885,1.0,1.0
115,1.8652033304533688e-06,3.1904993057250977,1.0,0.5767999887466431,1.0,1.0
116,1.7194904557982227e-06,3.202514886856079,1.0,0.5769000053405762,1.0,1.0
117,1.5858078086239402e-06,3.2146365642547607,1.0,0.5770000219345093,1.0,1.0
118,1.4617120314142085e-06,3.226470470428467,1.0,0.57669997215271,1.0,1.0
119,1.3481738960763323e-06,3.2387397289276123,1.0,0.5769000053405762,1.0,1.0
120,1.2435813232514192e-06,3.250699281692505,1.0,0.5769000053405762,1.0,1.0
121,1.1462732345535187e-06,3.2626569271087646,1.0,0.5770000219345093,1.0,1.0
122,1.056367977980699e-06,3.2748193740844727,1.0,0.5771999955177307,1.0,1.0
123,9.743407645146362e-07,3.2871787548065186,1.0,0.5774999856948853,1.0,1.0
124,8.980079542197927e-07,3.2993323802948,1.0,0.5774999856948853,1.0,1.0
125,8.283191164082382e-07,3.3113865852355957,1.0,0.5774999856948853,1.0,1.0
126,7.637078738298442e-07,3.3233397006988525,1.0,0.5777999758720398,1.0,1.0
127,7.028457957858336e-07,3.3354110717773438,1.0,0.5776000022888184,1.0,1.0
128,6.481053560492001e-07,3.3478505611419678,1.0,0.5774000287055969,1.0,1.0
129,5.976598345114326e-07,3.360030174255371,1.0,0.5774999856948853,1.0,1.0
130,5.507733362719591e-07,3.3722219467163086,1.0,0.5777999758720398,1.0,1.0
131,5.078494496046915e-07,3.384233236312866,1.0,0.5777999758720398,1.0,1.0
132,4.683661813942308e-07,3.396512031555176,1.0,0.5777000188827515,1.0,1.0
133,4.316115678193455e-07,3.408669948577881,1.0,0.5776000022888184,1.0,1.0
134,3.9765689052728703e-07,3.4205548763275146,1.0,0.5773000121116638,1.0,1.0
135,3.6631226407735085e-07,3.432800769805908,1.0,0.5774000287055969,1.0,1.0
136,3.370082310993894e-07,3.4449634552001953,1.0,0.5773000121116638,1.0,1.0
137,3.1088376317711663e-07,3.4569270610809326,1.0,0.5774000287055969,1.0,1.0
138,2.862066708075872e-07,3.4689958095550537,1.0,0.5776000022888184,1.0,1.0
139,2.627634501095599e-07,3.480829954147339,1.0,0.5777000188827515,1.0,1.0
140,2.4259466613330005e-07,3.4927070140838623,1.0,0.5771999955177307,1.0,1.0
141,2.231140143749144e-07,3.5047502517700195,1.0,0.5771999955177307,1.0,1.0
142,2.061959776256117e-07,3.5166265964508057,1.0,0.5774999856948853,1.0,1.0
143,1.9022706965188263e-07,3.5285515785217285,1.0,0.5774000287055969,1.0,1.0
144,1.7546827280057187e-07,3.540418863296509,1.0,0.5776000022888184,1.0,1.0
145,1.6082812237527833e-07,3.5523829460144043,1.0,0.5774999856948853,1.0,1.0
146,1.4858449048915645e-07,3.563749074935913,1.0,0.5776000022888184,1.0,1.0
147,1.367205157976059e-07,3.5751988887786865,1.0,0.5776000022888184,1.0,1.0
148,1.2587683784204273e-07,3.586726188659668,1.0,0.5774000287055969,1.0,1.0
149,1.1569753866069732e-07,3.5980875492095947,1.0,0.5773000121116638,1.0,1.0
150,1.0653854332076662e-07,3.609513759613037,1.0,0.5771999955177307,1.0,1.0
151,9.885068408266307e-08,3.620748996734619,1.0,0.5771999955177307,1.0,1.0
152,9.056962824161019e-08,3.6319310665130615,1.0,0.5776000022888184,1.0,1.0
153,8.345124058450892e-08,3.6429762840270996,1.0,0.5773000121116638,1.0,1.0
154,7.725824247017954e-08,3.6539134979248047,1.0,0.5771999955177307,1.0,1.0
155,7.066186924475915e-08,3.6650407314300537,1.0,0.5774000287055969,1.0,1.0
156,6.49671605401636e-08,3.6755118370056152,1.0,0.5776000022888184,1.0,1.0
157,5.879788744778125e-08,3.685962200164795,1.0,0.5776000022888184,1.0,1.0
158,5.419466475586887e-08,3.696221113204956,1.0,0.5774000287055969,1.0,1.0
159,4.949652776531366e-08,3.7067036628723145,1.0,0.5776000022888184,1.0,1.0
160,4.541531950508215e-08,3.7166919708251953,1.0,0.5777000188827515,1.0,1.0
161,4.1571389886030374e-08,3.7268078327178955,1.0,0.5778999924659729,1.0,1.0
162,3.753763522240661e-08,3.736504077911377,1.0,0.5777999758720398,1.0,1.0
163,3.42157200350357e-08,3.7458674907684326,1.0,0.5777000188827515,1.0,1.0
164,3.0727708377753515e-08,3.7547123432159424,1.0,0.5777000188827515,1.0,1.0
165,2.8070177293670895e-08,3.7637956142425537,1.0,0.5777000188827515,1.0,1.0
166,2.529400688899841e-08,3.7728326320648193,1.0,0.578000009059906,1.0,1.0
167,2.2778843700166362e-08,3.781589984893799,1.0,0.5777000188827515,1.0,1.0
168,1.995521614617246e-08,3.790083408355713,1.0,0.5777999758720398,1.0,1.0
169,1.7606147650894854e-08,3.7980988025665283,1.0,0.5773000121116638,1.0,1.0
170,1.5114711260366676e-08,3.8057610988616943,1.0,0.5776000022888184,1.0,1.0
171,1.3002922294447217e-08,3.8131887912750244,1.0,0.5776000022888184,1.0,1.0
172,1.0796222582598602e-08,3.8202223777770996,1.0,0.5770999789237976,1.0,1.0
173,9.158993563573858e-09,3.8268020153045654,1.0,0.5773000121116638,1.0,1.0
174,7.735315499246553e-09,3.833340883255005,1.0,0.5773000121116638,1.0,1.0
175,6.216725800811673e-09,3.839186668395996,1.0,0.5774000287055969,1.0,1.0
176,5.243879552807584e-09,3.8449738025665283,1.0,0.5771999955177307,1.0,1.0
177,4.128665409552923e-09,3.850553274154663,1.0,0.5774999856948853,1.0,1.0
178,3.2981866127101966e-09,3.8554885387420654,1.0,0.5774999856948853,1.0,1.0
179,2.681259658743329e-09,3.8602681159973145,1.0,0.5777000188827515,1.0,1.0
180,1.9931487571511752e-09,3.8648571968078613,1.0,0.5773000121116638,1.0,1.0
181,1.4474056397872914e-09,3.8690688610076904,1.0,0.5771999955177307,1.0,1.0
182,1.1626701823530539e-09,3.8731908798217773,1.0,0.5773000121116638,1.0,1.0
183,8.067506662712276e-10,3.8773322105407715,1.0,0.5777000188827515,1.0,1.0
184,6.169270094780188e-10,3.8813514709472656,1.0,0.5777999758720398,1.0,1.0
185,5.220151533258388e-10,3.8850631713867188,1.0,0.5781000256538391,1.0,1.0
186,4.745592252497488e-10,3.8886125087738037,1.0,0.5777999758720398,1.0,1.0
187,3.796473968531444e-10,3.892223596572876,1.0,0.5774999856948853,1.0,1.0
188,3.084635047390094e-10,3.8953230381011963,1.0,0.5774999856948853,1.0,1.0
189,2.847355407009644e-10,3.8988380432128906,1.0,0.5776000022888184,1.0,1.0
190,2.847355407009644e-10,3.9019651412963867,1.0,0.5773000121116638,1.0,1.0
191,1.898236984265722e-10,3.9048666954040527,1.0,0.5774000287055969,1.0,1.0
192,1.186398063124372e-10,3.908061981201172,1.0,0.5774000287055969,1.0,1.0
193,9.49118492132861e-11,3.910804033279419,1.0,0.5774999856948853,1.0,1.0
194,9.49118492132861e-11,3.9135854244232178,1.0,0.5774000287055969,1.0,1.0
195,7.11838851752411e-11,3.915963649749756,1.0,0.5771999955177307,1.0,1.0
196,9.49118492132861e-11,3.9183146953582764,1.0,0.5771999955177307,1.0,1.0
197,4.745592460664305e-11,3.9207985401153564,1.0,0.5773000121116638,1.0,1.0
198,7.11838851752411e-11,3.9227957725524902,1.0,0.5774000287055969,1.0,1.0
199,2.3727962303321526e-11,3.925126791000366,1.0,0.5774999856948853,1.0,1.0
200,4.745592460664305e-11,3.927159070968628,1.0,0.5770999789237976,1.0,1.0
201,2.3727962303321526e-11,3.929047107696533,1.0,0.5770999789237976,1.0,1.0
202,4.745592460664305e-11,3.930907726287842,1.0,0.5771999955177307,1.0,1.0
203,2.3727962303321526e-11,3.9329981803894043,1.0,0.5769000053405762,1.0,1.0
204,2.3727962303321526e-11,3.934502363204956,1.0,0.5771999955177307,1.0,1.0
205,2.3727962303321526e-11,3.9363436698913574,1.0,0.5769000053405762,1.0,1.0
206,0.0,3.9380123615264893,1.0,0.5774999856948853,1.0,1.0
207,7.11838851752411e-11,3.939326286315918,1.0,0.5770000219345093,1.0,1.0
208,0.0,3.9404757022857666,1.0,0.5773000121116638,1.0,1.0
209,0.0,3.9424521923065186,1.0,0.5774000287055969,1.0,1.0
210,2.3727962303321526e-11,3.9434070587158203,1.0,0.5776000022888184,1.0,1.0
211,0.0,3.945256233215332,1.0,0.5774000287055969,1.0,1.0
212,2.3727962303321526e-11,3.9464375972747803,1.0,0.5773000121116638,1.0,1.0
213,2.3727962303321526e-11,3.9476120471954346,1.0,0.5771999955177307,1.0,1.0
214,0.0,3.9485714435577393,1.0,0.5773000121116638,1.0,1.0
215,0.0,3.9496476650238037,1.0,0.5771999955177307,1.0,1.0
216,0.0,3.9500417709350586,1.0,0.5776000022888184,1.0,1.0
217,0.0,3.951108694076538,1.0,0.5773000121116638,1.0,1.0
218,0.0,3.9525625705718994,1.0,0.5771999955177307,1.0,1.0
219,2.3727962303321526e-11,3.9535796642303467,1.0,0.5774000287055969,1.0,1.0
220,0.0,3.9545462131500244,1.0,0.5776000022888184,1.0,1.0
221,0.0,3.9553627967834473,1.0,0.5777000188827515,1.0,1.0
222,0.0,3.9560060501098633,1.0,0.5776000022888184,1.0,1.0
223,0.0,3.957174062728882,1.0,0.5777999758720398,1.0,1.0
224,0.0,3.958327531814575,1.0,0.5776000022888184,1.0,1.0
225,0.0,3.9596221446990967,1.0,0.5778999924659729,1.0,1.0
226,0.0,3.9599554538726807,1.0,0.578000009059906,1.0,1.0
227,0.0,3.961073637008667,1.0,0.5777999758720398,1.0,1.0
228,0.0,3.961683988571167,1.0,0.5777999758720398,1.0,1.0
229,2.3727962303321526e-11,3.962669610977173,1.0,0.5774999856948853,1.0,1.0
230,0.0,3.9634268283843994,1.0,0.5771999955177307,1.0,1.0
231,0.0,3.9635887145996094,1.0,0.5774999856948853,1.0,1.0
232,0.0,3.9645819664001465,1.0,0.5770000219345093,1.0,1.0
233,0.0,3.965473175048828,1.0,0.5774999856948853,1.0,1.0
234,0.0,3.965989112854004,1.0,0.5767999887466431,1.0,1.0
235,0.0,3.966263771057129,1.0,0.5764999985694885,1.0,1.0
236,0.0,3.967367172241211,1.0,0.5769000053405762,1.0,1.0
237,0.0,3.9681882858276367,1.0,0.5769000053405762,1.0,1.0
238,0.0,3.9692697525024414,1.0,0.5770000219345093,1.0,1.0
239,0.0,3.9699063301086426,1.0,0.5770999789237976,1.0,1.0
240,0.0,3.970694065093994,1.0,0.5773000121116638,1.0,1.0
241,0.0,3.97116756439209,1.0,0.5767999887466431,1.0,1.0
242,0.0,3.972986936569214,1.0,0.5776000022888184,1.0,1.0
243,0.0,3.972470998764038,1.0,0.5769000053405762,1.0,1.0
244,0.0,3.9735381603240967,1.0,0.5770000219345093,1.0,1.0
245,0.0,3.9743926525115967,1.0,0.5770000219345093,1.0,1.0
246,0.0,3.975559711456299,1.0,0.5774000287055969,1.0,1.0
247,0.0,3.97613263130188,1.0,0.5774000287055969,1.0,1.0
248,0.0,3.9773752689361572,1.0,0.5771999955177307,1.0,1.0
249,0.0,3.9779610633850098,1.0,0.5776000022888184,1.0,1.0
250,0.0,3.9785847663879395,1.0,0.5766000151634216,1.0,1.0
251,0.0,3.9800491333007812,1.0,0.5764999985694885,1.0,1.0
252,0.0,3.979741096496582,1.0,0.5767999887466431,1.0,1.0
253,0.0,3.981300115585327,1.0,0.5777999758720398,1.0,1.0
254,0.0,3.9811298847198486,1.0,0.5770000219345093,1.0,1.0
255,0.0,3.9825377464294434,1.0,0.5770000219345093,1.0,1.0
256,0.0,3.983255386352539,1.0,0.5770999789237976,1.0,1.0
257,0.0,3.983931541442871,1.0,0.57669997215271,1.0,1.0
258,0.0,3.9849443435668945,1.0,0.57669997215271,1.0,1.0
259,0.0,3.985320806503296,1.0,0.5770999789237976,1.0,1.0
260,0.0,3.985698938369751,1.0,0.5767999887466431,1.0,1.0
261,0.0,3.9873015880584717,1.0,0.5766000151634216,1.0,1.0
262,0.0,3.987610340118408,1.0,0.5766000151634216,1.0,1.0
263,0.0,3.9876842498779297,1.0,0.5763000249862671,1.0,1.0
264,0.0,3.9893364906311035,1.0,0.5759999752044678,1.0,1.0
265,0.0,3.989647388458252,1.0,0.5760999917984009,1.0,1.0
266,0.0,3.9899628162384033,1.0,0.5760999917984009,1.0,1.0
267,0.0,3.990755319595337,1.0,0.5763999819755554,1.0,1.0
268,0.0,3.991720676422119,1.0,0.5763000249862671,1.0,1.0
269,0.0,3.9916746616363525,1.0,0.5763999819755554,1.0,1.0
270,0.0,3.992532730102539,1.0,0.5763000249862671,1.0,1.0
271,0.0,3.9943952560424805,1.0,0.57669997215271,1.0,1.0
272,0.0,3.9943270683288574,1.0,0.5759999752044678,1.0,1.0
273,0.0,3.9953815937042236,1.0,0.5759999752044678,1.0,1.0
274,0.0,3.9949607849121094,1.0,0.5759999752044678,1.0,1.0
275,0.0,3.996124267578125,1.0,0.5759999752044678,1.0,1.0
276,0.0,3.9966189861297607,1.0,0.5763999819755554,1.0,1.0
277,0.0,3.9967119693756104,1.0,0.5758000016212463,1.0,1.0
278,0.0,3.997666597366333,1.0,0.5763000249862671,1.0,1.0
279,0.0,3.9984118938446045,1.0,0.5763000249862671,1.0,1.0
280,0.0,3.9989137649536133,1.0,0.5756000280380249,1.0,1.0
281,0.0,4.000748634338379,1.0,0.5756999850273132,1.0,1.0
282,0.0,4.000260353088379,1.0,0.576200008392334,1.0,1.0
283,0.0,4.0017805099487305,1.0,0.5764999985694885,1.0,1.0
284,0.0,4.001271724700928,1.0,0.5766000151634216,1.0,1.0
285,0.0,4.002989292144775,1.0,0.5753999948501587,1.0,1.0
286,0.0,4.003185749053955,1.0,0.5756000280380249,1.0,1.0
287,0.0,4.003303527832031,1.0,0.5760999917984009,1.0,1.0
288,0.0,4.004375457763672,1.0,0.5759000182151794,1.0,1.0
289,0.0,4.004954814910889,1.0,0.5758000016212463,1.0,1.0
290,0.0,4.006699562072754,1.0,0.5752999782562256,1.0,1.0
291,0.0,4.006817817687988,1.0,0.5759000182151794,1.0,1.0
292,0.0,4.0067620277404785,1.0,0.5753999948501587,1.0,1.0
293,0.0,4.00795841217041,1.0,0.5756999850273132,1.0,1.0
294,0.0,4.00862455368042,1.0,0.5756999850273132,1.0,1.0
295,0.0,4.008977890014648,1.0,0.5758000016212463,1.0,1.0
296,0.0,4.010115623474121,1.0,0.5759000182151794,1.0,1.0
297,0.0,4.009724140167236,1.0,0.5756999850273132,1.0,1.0
298,0.0,4.010128974914551,1.0,0.5759999752044678,1.0,1.0
299,0.0,4.010683536529541,1.0,0.5763999819755554,1.0,1.0
300,0.0,4.0111188888549805,1.0,0.5759999752044678,1.0,1.0
301,0.0,4.011666297912598,1.0,0.5766000151634216,1.0,1.0
302,0.0,4.012569904327393,1.0,0.5767999887466431,1.0,1.0
303,0.0,4.013221740722656,1.0,0.5760999917984009,1.0,1.0
304,0.0,4.013905048370361,1.0,0.5763000249862671,1.0,1.0
305,0.0,4.014350891113281,1.0,0.5763000249862671,1.0,1.0
306,0.0,4.015066623687744,1.0,0.5763999819755554,1.0,1.0
307,0.0,4.015852451324463,1.0,0.57669997215271,1.0,1.0
308,0.0,4.016232013702393,1.0,0.5769000053405762,1.0,1.0
309,0.0,4.016672134399414,1.0,0.5763000249862671,1.0,1.0
310,0.0,4.017219543457031,1.0,0.5766000151634216,1.0,1.0
311,0.0,4.018135070800781,1.0,0.5773000121116638,1.0,1.0
312,0.0,4.0180134773254395,1.0,0.5764999985694885,1.0,1.0
313,0.0,4.0190110206604,1.0,0.5764999985694885,1.0,1.0
314,0.0,4.019375324249268,1.0,0.5764999985694885,1.0,1.0
315,0.0,4.0203022956848145,1.0,0.5764999985694885,1.0,1.0
316,0.0,4.020580768585205,1.0,0.5766000151634216,1.0,1.0
317,0.0,4.020750999450684,1.0,0.576200008392334,1.0,1.0
318,0.0,4.0215535163879395,1.0,0.5766000151634216,1.0,1.0
319,0.0,4.02249813079834,1.0,0.57669997215271,1.0,1.0
320,0.0,4.022937297821045,1.0,0.5764999985694885,1.0,1.0
321,0.0,4.023548603057861,1.0,0.5767999887466431,1.0,1.0
322,0.0,4.0243239402771,1.0,0.5764999985694885,1.0,1.0
323,0.0,4.024687767028809,1.0,0.5766000151634216,1.0,1.0
324,0.0,4.025485515594482,1.0,0.5759999752044678,1.0,1.0
325,0.0,4.025491714477539,1.0,0.5759000182151794,1.0,1.0
326,0.0,4.0253167152404785,1.0,0.576200008392334,1.0,1.0
327,0.0,4.026479721069336,1.0,0.5764999985694885,1.0,1.0
328,0.0,4.0271735191345215,1.0,0.5763999819755554,1.0,1.0
329,0.0,4.027317047119141,1.0,0.5755000114440918,1.0,1.0
330,0.0,4.028188228607178,1.0,0.5758000016212463,1.0,1.0
331,0.0,4.029055118560791,1.0,0.5759000182151794,1.0,1.0
332,0.0,4.0289998054504395,1.0,0.5758000016212463,1.0,1.0
333,0.0,4.030292510986328,1.0,0.5758000016212463,1.0,1.0
334,0.0,4.0307087898254395,1.0,0.5758000016212463,1.0,1.0
335,0.0,4.030801296234131,1.0,0.5759000182151794,1.0,1.0
336,0.0,4.030518531799316,1.0,0.5758000016212463,1.0,1.0
337,0.0,4.031317710876465,1.0,0.5756999850273132,1.0,1.0
338,0.0,4.031920909881592,1.0,0.5759000182151794,1.0,1.0
339,0.0,4.033077716827393,1.0,0.5756000280380249,1.0,1.0
340,0.0,4.0330023765563965,1.0,0.5758000016212463,1.0,1.0
341,0.0,4.033779144287109,1.0,0.5755000114440918,1.0,1.0
342,0.0,4.03427267074585,1.0,0.5756999850273132,1.0,1.0
343,0.0,4.034533977508545,1.0,0.5753999948501587,1.0,1.0
344,0.0,4.034943103790283,1.0,0.5752999782562256,1.0,1.0
345,0.0,4.034931182861328,1.0,0.5758000016212463,1.0,1.0
346,0.0,4.036297798156738,1.0,0.5758000016212463,1.0,1.0
347,0.0,4.036829948425293,1.0,0.5752000212669373,1.0,1.0
348,0.0,4.036052703857422,1.0,0.5758000016212463,1.0,1.0
349,0.0,4.037694931030273,1.0,0.5752999782562256,1.0,1.0
350,0.0,4.037825584411621,1.0,0.574999988079071,1.0,1.0
351,0.0,4.038651943206787,1.0,0.574999988079071,1.0,1.0
352,0.0,4.038909435272217,1.0,0.5751000046730042,1.0,1.0
353,0.0,4.039656639099121,1.0,0.5752999782562256,1.0,1.0
354,0.0,4.0396013259887695,1.0,0.5751000046730042,1.0,1.0
355,0.0,4.039950847625732,1.0,0.5751000046730042,1.0,1.0
356,0.0,4.040842056274414,1.0,0.5752999782562256,1.0,1.0
357,0.0,4.041504859924316,1.0,0.5751000046730042,1.0,1.0
358,0.0,4.042109489440918,1.0,0.5752000212669373,1.0,1.0
359,0.0,4.0423665046691895,1.0,0.5751000046730042,1.0,1.0
360,0.0,4.043259620666504,1.0,0.5748999714851379,1.0,1.0
361,0.0,4.043100357055664,1.0,0.5756000280380249,1.0,1.0
362,0.0,4.043768405914307,1.0,0.574999988079071,1.0,1.0
363,0.0,4.044928073883057,1.0,0.5752000212669373,1.0,1.0
364,0.0,4.044750690460205,1.0,0.5751000046730042,1.0,1.0
365,0.0,4.045652866363525,1.0,0.5752000212669373,1.0,1.0
366,0.0,4.045351028442383,1.0,0.5752999782562256,1.0,1.0
367,0.0,4.04592227935791,1.0,0.5752999782562256,1.0,1.0
368,0.0,4.046213626861572,1.0,0.5752000212669373,1.0,1.0
369,0.0,4.046944618225098,1.0,0.5748999714851379,1.0,1.0
370,0.0,4.047706127166748,1.0,0.5748999714851379,1.0,1.0
371,0.0,4.048022270202637,1.0,0.5756000280380249,1.0,1.0
372,0.0,4.0480451583862305,1.0,0.5755000114440918,1.0,1.0
373,0.0,4.0487799644470215,1.0,0.5753999948501587,1.0,1.0
374,0.0,4.049195289611816,1.0,0.5752000212669373,1.0,1.0
375,0.0,4.049220085144043,1.0,0.5752999782562256,1.0,1.0
376,0.0,4.049859523773193,1.0,0.5755000114440918,1.0,1.0
377,0.0,4.0504584312438965,1.0,0.5748999714851379,1.0,1.0
378,0.0,4.050527095794678,1.0,0.5752000212669373,1.0,1.0
379,0.0,4.051133632659912,1.0,0.5748999714851379,1.0,1.0
380,0.0,4.0513834953308105,1.0,0.5752999782562256,1.0,1.0
381,0.0,4.052018165588379,1.0,0.5745999813079834,1.0,1.0
382,0.0,4.0531721115112305,1.0,0.5745999813079834,1.0,1.0
383,0.0,4.053266525268555,1.0,0.5748000144958496,1.0,1.0
384,0.0,4.053504943847656,1.0,0.574999988079071,1.0,1.0
385,0.0,4.054665565490723,1.0,0.574400007724762,1.0,1.0
386,0.0,4.054345607757568,1.0,0.5752999782562256,1.0,1.0
387,0.0,4.055301189422607,1.0,0.5748999714851379,1.0,1.0
388,0.0,4.055896282196045,1.0,0.5741999745368958,1.0,1.0
389,0.0,4.056346893310547,1.0,0.5748999714851379,1.0,1.0
390,0.0,4.056466102600098,1.0,0.5741999745368958,1.0,1.0
391,0.0,4.05674409866333,1.0,0.5748000144958496,1.0,1.0
392,0.0,4.057755470275879,1.0,0.574999988079071,1.0,1.0
393,0.0,4.057515621185303,1.0,0.5748999714851379,1.0,1.0
394,0.0,4.057830333709717,1.0,0.5742999911308289,1.0,1.0
395,0.0,4.058834552764893,1.0,0.5745000243186951,1.0,1.0
396,0.0,4.059061527252197,1.0,0.5741000175476074,1.0,1.0
397,0.0,4.059889793395996,1.0,0.5741999745368958,1.0,1.0
398,0.0,4.060161113739014,1.0,0.574400007724762,1.0,1.0
399,0.0,4.06020975112915,1.0,0.5742999911308289,1.0,1.0
400,0.0,4.0604777336120605,1.0,0.5745000243186951,1.0,1.0
401,0.0,4.061233043670654,1.0,0.5738000273704529,1.0,1.0
402,0.0,4.061842918395996,1.0,0.5740000009536743,1.0,1.0
403,0.0,4.0620622634887695,1.0,0.5741000175476074,1.0,1.0
404,0.0,4.0621819496154785,1.0,0.5741999745368958,1.0,1.0
405,0.0,4.062668323516846,1.0,0.5738999843597412,1.0,1.0
406,0.0,4.063295841217041,1.0,0.5738000273704529,1.0,1.0
407,0.0,4.063531398773193,1.0,0.5741999745368958,1.0,1.0
408,0.0,4.064159870147705,1.0,0.5738999843597412,1.0,1.0
409,0.0,4.06444787979126,1.0,0.5742999911308289,1.0,1.0
410,0.0,4.0650835037231445,1.0,0.5737000107765198,1.0,1.0
411,0.0,4.066034317016602,1.0,0.5734999775886536,1.0,1.0
412,0.0,4.066292762756348,1.0,0.573199987411499,1.0,1.0
413,0.0,4.066781997680664,1.0,0.5738000273704529,1.0,1.0
414,0.0,4.067531585693359,1.0,0.5738999843597412,1.0,1.0
415,0.0,4.067113876342773,1.0,0.5738000273704529,1.0,1.0
416,0.0,4.068199634552002,1.0,0.5738000273704529,1.0,1.0
417,0.0,4.06784200668335,1.0,0.5738999843597412,1.0,1.0
418,0.0,4.068477630615234,1.0,0.5740000009536743,1.0,1.0
419,0.0,4.069013595581055,1.0,0.5741999745368958,1.0,1.0
420,0.0,4.069515228271484,1.0,0.5738000273704529,1.0,1.0
421,0.0,4.070006370544434,1.0,0.5734999775886536,1.0,1.0
422,0.0,4.070254802703857,1.0,0.5740000009536743,1.0,1.0
423,0.0,4.070827960968018,1.0,0.5741999745368958,1.0,1.0
424,0.0,4.070627689361572,1.0,0.5740000009536743,1.0,1.0
425,0.0,4.071467399597168,1.0,0.5738999843597412,1.0,1.0
426,0.0,4.07210111618042,1.0,0.5738999843597412,1.0,1.0
427,0.0,4.072181224822998,1.0,0.5741999745368958,1.0,1.0
428,0.0,4.072633266448975,1.0,0.5741000175476074,1.0,1.0
429,0.0,4.073016166687012,1.0,0.5741000175476074,1.0,1.0
430,0.0,4.073612689971924,1.0,0.5741999745368958,1.0,1.0
431,0.0,4.0741286277771,1.0,0.5741000175476074,1.0,1.0
432,0.0,4.074089050292969,1.0,0.5738000273704529,1.0,1.0
433,0.0,4.074436664581299,1.0,0.5742999911308289,1.0,1.0
434,0.0,4.074910640716553,1.0,0.5734999775886536,1.0,1.0
435,0.0,4.074784755706787,1.0,0.5738000273704529,1.0,1.0
436,0.0,4.076147079467773,1.0,0.5735999941825867,1.0,1.0
437,0.0,4.076586723327637,1.0,0.5737000107765198,1.0,1.0
438,0.0,4.0772600173950195,1.0,0.5735999941825867,1.0,1.0
439,0.0,4.077539443969727,1.0,0.5734999775886536,1.0,1.0
440,0.0,4.077772617340088,1.0,0.5738999843597412,1.0,1.0
441,0.0,4.078042507171631,1.0,0.5735999941825867,1.0,1.0
442,0.0,4.078498840332031,1.0,0.5735999941825867,1.0,1.0
443,0.0,4.078835964202881,1.0,0.5734000205993652,1.0,1.0
444,0.0,4.079327583312988,1.0,0.5734000205993652,1.0,1.0
445,0.0,4.080087661743164,1.0,0.5730999708175659,1.0,1.0
446,0.0,4.079845905303955,1.0,0.5733000040054321,1.0,1.0
447,0.0,4.080337047576904,1.0,0.5734999775886536,1.0,1.0
448,0.0,4.080634593963623,1.0,0.5733000040054321,1.0,1.0
449,0.0,4.080857753753662,1.0,0.5735999941825867,1.0,1.0
450,0.0,4.081157207489014,1.0,0.5733000040054321,1.0,1.0
451,0.0,4.081843376159668,1.0,0.5734999775886536,1.0,1.0
452,0.0,4.081964015960693,1.0,0.5733000040054321,1.0,1.0
453,0.0,4.082303047180176,1.0,0.5734999775886536,1.0,1.0
454,0.0,4.08263635635376,1.0,0.5735999941825867,1.0,1.0
455,0.0,4.083483695983887,1.0,0.5734000205993652,1.0,1.0
456,0.0,4.0836005210876465,1.0,0.5734999775886536,1.0,1.0
457,0.0,4.083860874176025,1.0,0.5734000205993652,1.0,1.0
458,0.0,4.084603786468506,1.0,0.5734000205993652,1.0,1.0
459,0.0,4.084562301635742,1.0,0.5737000107765198,1.0,1.0
460,0.0,4.084859371185303,1.0,0.5734999775886536,1.0,1.0
461,0.0,4.085493087768555,1.0,0.5734999775886536,1.0,1.0
462,0.0,4.085896015167236,1.0,0.5734000205993652,1.0,1.0
463,0.0,4.086340427398682,1.0,0.5735999941825867,1.0,1.0
464,0.0,4.086373805999756,1.0,0.5737000107765198,1.0,1.0
465,0.0,4.086612701416016,1.0,0.5734000205993652,1.0,1.0
466,0.0,4.087615966796875,1.0,0.5733000040054321,1.0,1.0
467,0.0,4.087855339050293,1.0,0.5734000205993652,1.0,1.0
468,0.0,4.087881565093994,1.0,0.573199987411499,1.0,1.0
469,0.0,4.088387966156006,1.0,0.5735999941825867,1.0,1.0
470,0.0,4.088722229003906,1.0,0.5733000040054321,1.0,1.0
471,0.0,4.089188098907471,1.0,0.5734000205993652,1.0,1.0
472,0.0,4.089968681335449,1.0,0.5738000273704529,1.0,1.0
473,0.0,4.09017276763916,1.0,0.5737000107765198,1.0,1.0
474,0.0,4.090114593505859,1.0,0.5734999775886536,1.0,1.0
475,0.0,4.090389728546143,1.0,0.5733000040054321,1.0,1.0
476,0.0,4.091166973114014,1.0,0.5733000040054321,1.0,1.0
477,0.0,4.091480255126953,1.0,0.5734000205993652,1.0,1.0
478,0.0,4.091819763183594,1.0,0.5730999708175659,1.0,1.0
479,0.0,4.09218692779541,1.0,0.573199987411499,1.0,1.0
480,0.0,4.09260368347168,1.0,0.5734999775886536,1.0,1.0
481,0.0,4.0929646492004395,1.0,0.5734000205993652,1.0,1.0
482,0.0,4.0932793617248535,1.0,0.5733000040054321,1.0,1.0
483,0.0,4.093873023986816,1.0,0.5733000040054321,1.0,1.0
484,0.0,4.094238758087158,1.0,0.5733000040054321,1.0,1.0
485,0.0,4.093990802764893,1.0,0.5734999775886536,1.0,1.0
486,0.0,4.094563961029053,1.0,0.5730999708175659,1.0,1.0
487,0.0,4.095416069030762,1.0,0.573199987411499,1.0,1.0
488,0.0,4.0956807136535645,1.0,0.5730999708175659,1.0,1.0
489,0.0,4.09592342376709,1.0,0.5734000205993652,1.0,1.0
490,0.0,4.096592903137207,1.0,0.5734000205993652,1.0,1.0
491,0.0,4.0962233543396,1.0,0.5734000205993652,1.0,1.0
492,0.0,4.096825122833252,1.0,0.5737000107765198,1.0,1.0
493,0.0,4.0966644287109375,1.0,0.5735999941825867,1.0,1.0
494,0.0,4.0971879959106445,1.0,0.5733000040054321,1.0,1.0
495,0.0,4.097573757171631,1.0,0.573199987411499,1.0,1.0
496,0.0,4.097837448120117,1.0,0.5733000040054321,1.0,1.0
497,0.0,4.098234176635742,1.0,0.5733000040054321,1.0,1.0
498,0.0,4.098702430725098,1.0,0.5734000205993652,1.0,1.0
499,0.0,4.09893798828125,1.0,0.5735999941825867,1.0,1.0
500,0.0,4.099082946777344,1.0,0.5734000205993652,1.0,1.0
501,0.0,4.099735736846924,1.0,0.5741999745368958,1.0,1.0
502,0.0,4.099917411804199,1.0,0.5740000009536743,1.0,1.0
503,0.0,4.100338935852051,1.0,0.5735999941825867,1.0,1.0
504,0.0,4.1011247634887695,1.0,0.5734999775886536,1.0,1.0
505,0.0,4.101374626159668,1.0,0.5730999708175659,1.0,1.0
506,0.0,4.101563453674316,1.0,0.5741000175476074,1.0,1.0
507,0.0,4.1018290519714355,1.0,0.5741999745368958,1.0,1.0
508,0.0,4.102488040924072,1.0,0.5740000009536743,1.0,1.0
509,0.0,4.102716445922852,1.0,0.5735999941825867,1.0,1.0
510,0.0,4.102965354919434,1.0,0.5738000273704529,1.0,1.0
511,0.0,4.103411674499512,1.0,0.5734000205993652,1.0,1.0
512,0.0,4.10368013381958,1.0,0.5738999843597412,1.0,1.0
513,0.0,4.10387659072876,1.0,0.5734000205993652,1.0,1.0
514,0.0,4.104375839233398,1.0,0.5738999843597412,1.0,1.0
515,0.0,4.1045451164245605,1.0,0.5738000273704529,1.0,1.0
516,0.0,4.104659080505371,1.0,0.5738000273704529,1.0,1.0
517,0.0,4.105371475219727,1.0,0.5734000205993652,1.0,1.0
518,0.0,4.105356216430664,1.0,0.5735999941825867,1.0,1.0
519,0.0,4.10568380355835,1.0,0.5733000040054321,1.0,1.0
520,0.0,4.105830192565918,1.0,0.5741999745368958,1.0,1.0
521,0.0,4.106186389923096,1.0,0.5734000205993652,1.0,1.0
522,0.0,4.106756210327148,1.0,0.573199987411499,1.0,1.0
523,0.0,4.107260704040527,1.0,0.5733000040054321,1.0,1.0
524,0.0,4.107666492462158,1.0,0.5737000107765198,1.0,1.0
525,0.0,4.107537746429443,1.0,0.5734999775886536,1.0,1.0
526,0.0,4.108179092407227,1.0,0.5738999843597412,1.0,1.0
527,0.0,4.108534336090088,1.0,0.5737000107765198,1.0,1.0
528,0.0,4.108635902404785,1.0,0.5738000273704529,1.0,1.0
529,0.0,4.109001159667969,1.0,0.5738999843597412,1.0,1.0
530,0.0,4.109432697296143,1.0,0.5734999775886536,1.0,1.0
531,0.0,4.110067844390869,1.0,0.5733000040054321,1.0,1.0
532,0.0,4.11006498336792,1.0,0.5734999775886536,1.0,1.0
533,0.0,4.1107587814331055,1.0,0.5734000205993652,1.0,1.0
534,0.0,4.1107659339904785,1.0,0.5737000107765198,1.0,1.0
535,0.0,4.110998630523682,1.0,0.5738999843597412,1.0,1.0
536,0.0,4.111530303955078,1.0,0.5733000040054321,1.0,1.0
537,0.0,4.112033843994141,1.0,0.573199987411499,1.0,1.0
538,0.0,4.112264156341553,1.0,0.5737000107765198,1.0,1.0
539,0.0,4.112707138061523,1.0,0.5734999775886536,1.0,1.0
540,0.0,4.112854957580566,1.0,0.5735999941825867,1.0,1.0
541,0.0,4.113423824310303,1.0,0.5737000107765198,1.0,1.0
542,0.0,4.113494396209717,1.0,0.5738999843597412,1.0,1.0
543,0.0,4.1138787269592285,1.0,0.5735999941825867,1.0,1.0
544,0.0,4.113938808441162,1.0,0.5738000273704529,1.0,1.0
545,0.0,4.1147141456604,1.0,0.5737000107765198,1.0,1.0
546,0.0,4.114729404449463,1.0,0.5737000107765198,1.0,1.0
547,0.0,4.114856243133545,1.0,0.5738000273704529,1.0,1.0
548,0.0,4.115463733673096,1.0,0.5741000175476074,1.0,1.0
549,0.0,4.1158318519592285,1.0,0.5734000205993652,1.0,1.0
550,0.0,4.115757942199707,1.0,0.5738999843597412,1.0,1.0
551,0.0,4.116647243499756,1.0,0.5735999941825867,1.0,1.0
552,0.0,4.116994380950928,1.0,0.5733000040054321,1.0,1.0
553,0.0,4.11707067489624,1.0,0.5734000205993652,1.0,1.0
554,0.0,4.11749792098999,1.0,0.5738000273704529,1.0,1.0
555,0.0,4.11748743057251,1.0,0.5734999775886536,1.0,1.0
556,0.0,4.118072986602783,1.0,0.5734999775886536,1.0,1.0
557,0.0,4.118393421173096,1.0,0.5735999941825867,1.0,1.0
558,0.0,4.11870813369751,1.0,0.5735999941825867,1.0,1.0
559,0.0,4.119230270385742,1.0,0.5734999775886536,1.0,1.0
560,0.0,4.119147777557373,1.0,0.5737000107765198,1.0,1.0
561,0.0,4.1197333335876465,1.0,0.5734000205993652,1.0,1.0
562,0.0,4.1194562911987305,1.0,0.5735999941825867,1.0,1.0
563,0.0,4.120107173919678,1.0,0.5735999941825867,1.0,1.0
564,0.0,4.120403289794922,1.0,0.5734999775886536,1.0,1.0
565,0.0,4.120561599731445,1.0,0.573199987411499,1.0,1.0
566,0.0,4.120791912078857,1.0,0.5734999775886536,1.0,1.0
567,0.0,4.1212029457092285,1.0,0.5734999775886536,1.0,1.0
568,0.0,4.121835708618164,1.0,0.5735999941825867,1.0,1.0
569,0.0,4.121942520141602,1.0,0.5734999775886536,1.0,1.0
570,0.0,4.122220516204834,1.0,0.5733000040054321,1.0,1.0
571,0.0,4.122406959533691,1.0,0.5734999775886536,1.0,1.0
572,0.0,4.122964382171631,1.0,0.5733000040054321,1.0,1.0
573,0.0,4.123260498046875,1.0,0.5728999972343445,1.0,1.0
574,0.0,4.123610019683838,1.0,0.5734000205993652,1.0,1.0
575,0.0,4.1240153312683105,1.0,0.5734999775886536,1.0,1.0
576,0.0,4.1246161460876465,1.0,0.573199987411499,1.0,1.0
577,0.0,4.12470817565918,1.0,0.5733000040054321,1.0,1.0
578,0.0,4.124881267547607,1.0,0.5735999941825867,1.0,1.0
579,0.0,4.12542724609375,1.0,0.5730999708175659,1.0,1.0
580,0.0,4.125614166259766,1.0,0.573199987411499,1.0,1.0
581,0.0,4.12591552734375,1.0,0.5733000040054321,1.0,1.0
582,0.0,4.1259684562683105,1.0,0.573199987411499,1.0,1.0
583,0.0,4.126560688018799,1.0,0.573199987411499,1.0,1.0
584,0.0,4.126482009887695,1.0,0.573199987411499,1.0,1.0
585,0.0,4.126971244812012,1.0,0.5728999972343445,1.0,1.0
586,0.0,4.127447128295898,1.0,0.5727999806404114,1.0,1.0
587,0.0,4.127569198608398,1.0,0.573199987411499,1.0,1.0
588,0.0,4.1280646324157715,1.0,0.573199987411499,1.0,1.0
589,0.0,4.128720760345459,1.0,0.5724999904632568,1.0,1.0
590,0.0,4.128900051116943,1.0,0.5727999806404114,1.0,1.0
591,0.0,4.1292243003845215,1.0,0.572700023651123,1.0,1.0
592,0.0,4.1295671463012695,1.0,0.572700023651123,1.0,1.0
593,0.0,4.1295695304870605,1.0,0.5730000138282776,1.0,1.0
594,0.0,4.129877090454102,1.0,0.5728999972343445,1.0,1.0
595,0.0,4.130415916442871,1.0,0.5727999806404114,1.0,1.0
596,0.0,4.130176067352295,1.0,0.572700023651123,1.0,1.0
597,0.0,4.130518436431885,1.0,0.5730999708175659,1.0,1.0
598,0.0,4.1306867599487305,1.0,0.573199987411499,1.0,1.0
599,0.0,4.131020545959473,1.0,0.5733000040054321,1.0,1.0
600,0.0,4.131107807159424,1.0,0.5734000205993652,1.0,1.0
601,0.0,4.131731986999512,1.0,0.5730999708175659,1.0,1.0
602,0.0,4.131944179534912,1.0,0.5730999708175659,1.0,1.0
603,0.0,4.132244110107422,1.0,0.573199987411499,1.0,1.0
604,0.0,4.132335662841797,1.0,0.5728999972343445,1.0,1.0
605,0.0,4.132493019104004,1.0,0.5730999708175659,1.0,1.0
606,0.0,4.132926940917969,1.0,0.5730000138282776,1.0,1.0
607,0.0,4.133284091949463,1.0,0.5730000138282776,1.0,1.0
608,0.0,4.13388729095459,1.0,0.573199987411499,1.0,1.0
609,0.0,4.134156703948975,1.0,0.5730000138282776,1.0,1.0
610,0.0,4.134239673614502,1.0,0.5730999708175659,1.0,1.0
611,0.0,4.134661674499512,1.0,0.5726000070571899,1.0,1.0
612,0.0,4.1348981857299805,1.0,0.5730999708175659,1.0,1.0
613,0.0,4.135275840759277,1.0,0.5728999972343445,1.0,1.0
614,0.0,4.135532379150391,1.0,0.5733000040054321,1.0,1.0
615,0.0,4.136083602905273,1.0,0.5730000138282776,1.0,1.0
616,0.0,4.136260509490967,1.0,0.572700023651123,1.0,1.0
617,0.0,4.136343002319336,1.0,0.5727999806404114,1.0,1.0
618,0.0,4.1367268562316895,1.0,0.5728999972343445,1.0,1.0
619,0.0,4.136788845062256,1.0,0.573199987411499,1.0,1.0
620,0.0,4.137203693389893,1.0,0.5727999806404114,1.0,1.0
621,0.0,4.137722969055176,1.0,0.5728999972343445,1.0,1.0
622,0.0,4.137807369232178,1.0,0.5730000138282776,1.0,1.0
623,0.0,4.138427257537842,1.0,0.572700023651123,1.0,1.0
624,0.0,4.138556003570557,1.0,0.572700023651123,1.0,1.0
625,0.0,4.138818264007568,1.0,0.5727999806404114,1.0,1.0
626,0.0,4.139268398284912,1.0,0.572700023651123,1.0,1.0
627,0.0,4.1393561363220215,1.0,0.5727999806404114,1.0,1.0
628,0.0,4.140063762664795,1.0,0.5727999806404114,1.0,1.0
629,0.0,4.1401166915893555,1.0,0.5724999904632568,1.0,1.0
630,0.0,4.1401543617248535,1.0,0.5730000138282776,1.0,1.0
631,0.0,4.1404805183410645,1.0,0.5723999738693237,1.0,1.0
632,0.0,4.140872955322266,1.0,0.5726000070571899,1.0,1.0
633,0.0,4.141108512878418,1.0,0.5726000070571899,1.0,1.0
634,0.0,4.1414313316345215,1.0,0.5727999806404114,1.0,1.0
635,0.0,4.141500473022461,1.0,0.5727999806404114,1.0,1.0
636,0.0,4.141973495483398,1.0,0.5724999904632568,1.0,1.0
637,0.0,4.142136096954346,1.0,0.572700023651123,1.0,1.0
638,0.0,4.142463684082031,1.0,0.5727999806404114,1.0,1.0
639,0.0,4.142819881439209,1.0,0.5724999904632568,1.0,1.0
640,0.0,4.143054962158203,1.0,0.5726000070571899,1.0,1.0
641,0.0,4.143024921417236,1.0,0.5730000138282776,1.0,1.0
642,0.0,4.143467426300049,1.0,0.5728999972343445,1.0,1.0
643,0.0,4.143869876861572,1.0,0.572700023651123,1.0,1.0
644,0.0,4.144123554229736,1.0,0.5722000002861023,1.0,1.0
645,0.0,4.14447021484375,1.0,0.5724999904632568,1.0,1.0
646,0.0,4.144868850708008,1.0,0.572700023651123,1.0,1.0
647,0.0,4.14509916305542,1.0,0.572700023651123,1.0,1.0
648,0.0,4.145331859588623,1.0,0.572700023651123,1.0,1.0
649,0.0,4.1454973220825195,1.0,0.573199987411499,1.0,1.0
650,0.0,4.145941734313965,1.0,0.5728999972343445,1.0,1.0
651,0.0,4.146237373352051,1.0,0.5726000070571899,1.0,1.0
652,0.0,4.146313190460205,1.0,0.5730000138282776,1.0,1.0
653,0.0,4.146505832672119,1.0,0.572700023651123,1.0,1.0
654,0.0,4.146857261657715,1.0,0.5730000138282776,1.0,1.0
655,0.0,4.147491931915283,1.0,0.5728999972343445,1.0,1.0
656,0.0,4.147648334503174,1.0,0.5727999806404114,1.0,1.0
657,0.0,4.147945880889893,1.0,0.5724999904632568,1.0,1.0
658,0.0,4.148423194885254,1.0,0.5730999708175659,1.0,1.0
659,0.0,4.148897647857666,1.0,0.5727999806404114,1.0,1.0
660,0.0,4.14912748336792,1.0,0.5726000070571899,1.0,1.0
661,0.0,4.14917516708374,1.0,0.5726000070571899,1.0,1.0
662,0.0,4.149432182312012,1.0,0.5724999904632568,1.0,1.0
663,0.0,4.149380683898926,1.0,0.5723999738693237,1.0,1.0
664,0.0,4.149899959564209,1.0,0.572700023651123,1.0,1.0
665,0.0,4.149860382080078,1.0,0.572700023651123,1.0,1.0
666,0.0,4.15008544921875,1.0,0.5727999806404114,1.0,1.0
667,0.0,4.150457382202148,1.0,0.5726000070571899,1.0,1.0
668,0.0,4.151125907897949,1.0,0.5723999738693237,1.0,1.0
669,0.0,4.150870323181152,1.0,0.5726000070571899,1.0,1.0
670,0.0,4.151113986968994,1.0,0.5726000070571899,1.0,1.0
671,0.0,4.151596546173096,1.0,0.5724999904632568,1.0,1.0
672,0.0,4.151831150054932,1.0,0.5723000168800354,1.0,1.0
673,0.0,4.151950836181641,1.0,0.5728999972343445,1.0,1.0
674,0.0,4.15228796005249,1.0,0.5724999904632568,1.0,1.0
675,0.0,4.152691841125488,1.0,0.5723999738693237,1.0,1.0
676,0.0,4.1530256271362305,1.0,0.572700023651123,1.0,1.0
677,0.0,4.153190612792969,1.0,0.5724999904632568,1.0,1.0
678,0.0,4.153249263763428,1.0,0.5726000070571899,1.0,1.0
679,0.0,4.153791904449463,1.0,0.5722000002861023,1.0,1.0
680,0.0,4.154048919677734,1.0,0.5722000002861023,1.0,1.0
681,0.0,4.154123783111572,1.0,0.5727999806404114,1.0,1.0
682,0.0,4.154509544372559,1.0,0.5726000070571899,1.0,1.0
683,0.0,4.154635906219482,1.0,0.5724999904632568,1.0,1.0
684,0.0,4.154817581176758,1.0,0.5720999836921692,1.0,1.0
685,0.0,4.155342102050781,1.0,0.5722000002861023,1.0,1.0
686,0.0,4.155385971069336,1.0,0.5723000168800354,1.0,1.0
687,0.0,4.155724048614502,1.0,0.572700023651123,1.0,1.0
688,0.0,4.156057834625244,1.0,0.5723999738693237,1.0,1.0
689,0.0,4.156279563903809,1.0,0.5723999738693237,1.0,1.0
690,0.0,4.15646505355835,1.0,0.5724999904632568,1.0,1.0
691,0.0,4.1569905281066895,1.0,0.5724999904632568,1.0,1.0
692,0.0,4.157128810882568,1.0,0.5726000070571899,1.0,1.0
693,0.0,4.15743350982666,1.0,0.5720000267028809,1.0,1.0
694,0.0,4.15740442276001,1.0,0.5723999738693237,1.0,1.0
695,0.0,4.1577653884887695,1.0,0.5724999904632568,1.0,1.0
696,0.0,4.157968997955322,1.0,0.5724999904632568,1.0,1.0
697,0.0,4.158229827880859,1.0,0.5720000267028809,1.0,1.0
698,0.0,4.158560752868652,1.0,0.5723999738693237,1.0,1.0
699,0.0,4.15890645980835,1.0,0.5723999738693237,1.0,1.0
700,0.0,4.159173965454102,1.0,0.5723000168800354,1.0,1.0
701,0.0,4.159576892852783,1.0,0.5723999738693237,1.0,1.0
702,0.0,4.159814834594727,1.0,0.572700023651123,1.0,1.0
703,0.0,4.159996509552002,1.0,0.5726000070571899,1.0,1.0
704,0.0,4.1603522300720215,1.0,0.5723999738693237,1.0,1.0
705,0.0,4.160542964935303,1.0,0.5726000070571899,1.0,1.0
706,0.0,4.160900592803955,1.0,0.5723000168800354,1.0,1.0
707,0.0,4.160972595214844,1.0,0.5723000168800354,1.0,1.0
708,0.0,4.161322116851807,1.0,0.5723999738693237,1.0,1.0
709,0.0,4.161623001098633,1.0,0.5726000070571899,1.0,1.0
710,0.0,4.161849021911621,1.0,0.5726000070571899,1.0,1.0
711,0.0,4.16222620010376,1.0,0.572700023651123,1.0,1.0
712,0.0,4.162328243255615,1.0,0.5723999738693237,1.0,1.0
713,0.0,4.162642955780029,1.0,0.5726000070571899,1.0,1.0
714,0.0,4.163001537322998,1.0,0.5723000168800354,1.0,1.0
715,0.0,4.163200378417969,1.0,0.5723000168800354,1.0,1.0
716,0.0,4.163465976715088,1.0,0.5723000168800354,1.0,1.0
717,0.0,4.163980484008789,1.0,0.5720999836921692,1.0,1.0
718,0.0,4.16418981552124,1.0,0.5722000002861023,1.0,1.0
719,0.0,4.164496898651123,1.0,0.5723999738693237,1.0,1.0
720,0.0,4.164717674255371,1.0,0.5723000168800354,1.0,1.0
721,0.0,4.165018558502197,1.0,0.5726000070571899,1.0,1.0
722,0.0,4.165328025817871,1.0,0.572700023651123,1.0,1.0
723,0.0,4.165395259857178,1.0,0.572700023651123,1.0,1.0
724,0.0,4.165755271911621,1.0,0.5730000138282776,1.0,1.0
725,0.0,4.165914535522461,1.0,0.5726000070571899,1.0,1.0
726,0.0,4.166101455688477,1.0,0.5726000070571899,1.0,1.0
727,0.0,4.16650390625,1.0,0.5726000070571899,1.0,1.0
728,0.0,4.166638374328613,1.0,0.5724999904632568,1.0,1.0
729,0.0,4.167026042938232,1.0,0.5726000070571899,1.0,1.0
730,0.0,4.1669416427612305,1.0,0.5724999904632568,1.0,1.0
731,0.0,4.167383193969727,1.0,0.5723000168800354,1.0,1.0
732,0.0,4.167548656463623,1.0,0.5723999738693237,1.0,1.0
733,0.0,4.167766571044922,1.0,0.5723999738693237,1.0,1.0
734,0.0,4.168088436126709,1.0,0.5723000168800354,1.0,1.0
735,0.0,4.16858434677124,1.0,0.5723000168800354,1.0,1.0
736,0.0,4.168580532073975,1.0,0.5720999836921692,1.0,1.0
737,0.0,4.169008255004883,1.0,0.5723000168800354,1.0,1.0
738,0.0,4.169292449951172,1.0,0.5722000002861023,1.0,1.0
739,0.0,4.169547080993652,1.0,0.5723000168800354,1.0,1.0
740,0.0,4.169604778289795,1.0,0.5720999836921692,1.0,1.0
741,0.0,4.1697282791137695,1.0,0.5720999836921692,1.0,1.0
742,0.0,4.169978618621826,1.0,0.5724999904632568,1.0,1.0
743,0.0,4.170214653015137,1.0,0.5719000101089478,1.0,1.0
744,0.0,4.170413494110107,1.0,0.5720999836921692,1.0,1.0
745,0.0,4.170693397521973,1.0,0.5723000168800354,1.0,1.0
746,0.0,4.171025276184082,1.0,0.5723999738693237,1.0,1.0
747,0.0,4.171104907989502,1.0,0.5720000267028809,1.0,1.0
748,0.0,4.171206474304199,1.0,0.5720000267028809,1.0,1.0
749,0.0,4.171597480773926,1.0,0.5716999769210815,1.0,1.0
750,0.0,4.172005653381348,1.0,0.5720000267028809,1.0,1.0
751,0.0,4.172325134277344,1.0,0.5720999836921692,1.0,1.0
752,0.0,4.1724324226379395,1.0,0.5717999935150146,1.0,1.0
753,0.0,4.172664165496826,1.0,0.5716999769210815,1.0,1.0
754,0.0,4.172910213470459,1.0,0.5716999769210815,1.0,1.0
755,0.0,4.173245429992676,1.0,0.5720000267028809,1.0,1.0
756,0.0,4.173511028289795,1.0,0.5716000199317932,1.0,1.0
757,0.0,4.1733622550964355,1.0,0.5720000267028809,1.0,1.0
758,0.0,4.174108505249023,1.0,0.5716999769210815,1.0,1.0
759,0.0,4.174203872680664,1.0,0.5717999935150146,1.0,1.0
760,0.0,4.1742730140686035,1.0,0.5717999935150146,1.0,1.0
761,0.0,4.174500942230225,1.0,0.5716000199317932,1.0,1.0
762,0.0,4.174676895141602,1.0,0.5715000033378601,1.0,1.0
763,0.0,4.174842357635498,1.0,0.5717999935150146,1.0,1.0
764,0.0,4.175303936004639,1.0,0.5716999769210815,1.0,1.0
765,0.0,4.175471782684326,1.0,0.5716999769210815,1.0,1.0
766,0.0,4.175879001617432,1.0,0.5720000267028809,1.0,1.0
767,0.0,4.176435947418213,1.0,0.5716999769210815,1.0,1.0
768,0.0,4.176507949829102,1.0,0.5715000033378601,1.0,1.0
769,0.0,4.176614761352539,1.0,0.5717999935150146,1.0,1.0
770,0.0,4.177157878875732,1.0,0.5720000267028809,1.0,1.0
771,0.0,4.177477836608887,1.0,0.5717999935150146,1.0,1.0
772,0.0,4.177270889282227,1.0,0.5716999769210815,1.0,1.0
773,0.0,4.177738666534424,1.0,0.5716000199317932,1.0,1.0
774,0.0,4.177828311920166,1.0,0.5717999935150146,1.0,1.0
775,0.0,4.178097248077393,1.0,0.5716000199317932,1.0,1.0
776,0.0,4.17841100692749,1.0,0.5717999935150146,1.0,1.0
777,0.0,4.178990364074707,1.0,0.571399986743927,1.0,1.0
778,0.0,4.179054260253906,1.0,0.5715000033378601,1.0,1.0
779,0.0,4.179455757141113,1.0,0.571399986743927,1.0,1.0
780,0.0,4.179669380187988,1.0,0.571399986743927,1.0,1.0
781,0.0,4.179850101470947,1.0,0.5716000199317932,1.0,1.0
782,0.0,4.180248737335205,1.0,0.5716000199317932,1.0,1.0
783,0.0,4.180462837219238,1.0,0.5717999935150146,1.0,1.0
784,0.0,4.180645942687988,1.0,0.5716999769210815,1.0,1.0
785,0.0,4.180854797363281,1.0,0.5715000033378601,1.0,1.0
786,0.0,4.181014537811279,1.0,0.5712000131607056,1.0,1.0
787,0.0,4.181581020355225,1.0,0.5717999935150146,1.0,1.0
788,0.0,4.181373119354248,1.0,0.5713000297546387,1.0,1.0
789,0.0,4.181929588317871,1.0,0.5713000297546387,1.0,1.0
790,0.0,4.182148456573486,1.0,0.5712000131607056,1.0,1.0
791,0.0,4.182627201080322,1.0,0.5713000297546387,1.0,1.0
792,0.0,4.182744979858398,1.0,0.5709999799728394,1.0,1.0
793,0.0,4.1831841468811035,1.0,0.5715000033378601,1.0,1.0
794,0.0,4.18322229385376,1.0,0.5713000297546387,1.0,1.0
795,0.0,4.183553218841553,1.0,0.5716000199317932,1.0,1.0
796,0.0,4.183877468109131,1.0,0.5710999965667725,1.0,1.0
797,0.0,4.184007167816162,1.0,0.5713000297546387,1.0,1.0
798,0.0,4.184291839599609,1.0,0.5712000131607056,1.0,1.0
799,0.0,4.1844282150268555,1.0,0.571399986743927,1.0,1.0
800,0.0,4.185040473937988,1.0,0.5712000131607056,1.0,1.0
801,0.0,4.185133457183838,1.0,0.5712000131607056,1.0,1.0
802,0.0,4.185423851013184,1.0,0.5710999965667725,1.0,1.0
803,0.0,4.185736179351807,1.0,0.5713000297546387,1.0,1.0
804,0.0,4.186111927032471,1.0,0.5709999799728394,1.0,1.0
805,0.0,4.186019420623779,1.0,0.5713000297546387,1.0,1.0
806,0.0,4.186104774475098,1.0,0.5713000297546387,1.0,1.0
807,0.0,4.1864705085754395,1.0,0.5709999799728394,1.0,1.0
808,0.0,4.186573028564453,1.0,0.5709999799728394,1.0,1.0
809,0.0,4.1867828369140625,1.0,0.5713000297546387,1.0,1.0
810,0.0,4.18716287612915,1.0,0.5709999799728394,1.0,1.0
811,0.0,4.187438488006592,1.0,0.5713000297546387,1.0,1.0
812,0.0,4.18784761428833,1.0,0.5710999965667725,1.0,1.0
813,0.0,4.188166618347168,1.0,0.570900022983551,1.0,1.0
814,0.0,4.188143730163574,1.0,0.5709999799728394,1.0,1.0
815,0.0,4.188360691070557,1.0,0.5713000297546387,1.0,1.0
816,0.0,4.188760280609131,1.0,0.5710999965667725,1.0,1.0
817,0.0,4.188874244689941,1.0,0.570900022983551,1.0,1.0
818,0.0,4.189568519592285,1.0,0.5713000297546387,1.0,1.0
819,0.0,4.189517974853516,1.0,0.571399986743927,1.0,1.0
820,0.0,4.189640522003174,1.0,0.5710999965667725,1.0,1.0
821,0.0,4.189802646636963,1.0,0.5715000033378601,1.0,1.0
822,0.0,4.189871311187744,1.0,0.571399986743927,1.0,1.0
823,0.0,4.19018030166626,1.0,0.5712000131607056,1.0,1.0
824,0.0,4.190393924713135,1.0,0.5712000131607056,1.0,1.0
825,0.0,4.190804958343506,1.0,0.5713000297546387,1.0,1.0
826,0.0,4.191003799438477,1.0,0.5710999965667725,1.0,1.0
827,0.0,4.191257476806641,1.0,0.5713000297546387,1.0,1.0
828,0.0,4.191516399383545,1.0,0.5712000131607056,1.0,1.0
829,0.0,4.191779136657715,1.0,0.5710999965667725,1.0,1.0
830,0.0,4.1920366287231445,1.0,0.5709999799728394,1.0,1.0
831,0.0,4.192235946655273,1.0,0.5712000131607056,1.0,1.0
832,0.0,4.1925530433654785,1.0,0.5712000131607056,1.0,1.0
833,0.0,4.192665100097656,1.0,0.571399986743927,1.0,1.0
834,0.0,4.1928839683532715,1.0,0.5713000297546387,1.0,1.0
835,0.0,4.193226337432861,1.0,0.5713000297546387,1.0,1.0
836,0.0,4.193390369415283,1.0,0.5713000297546387,1.0,1.0
837,0.0,4.193394184112549,1.0,0.571399986743927,1.0,1.0
838,0.0,4.193779468536377,1.0,0.5715000033378601,1.0,1.0
839,0.0,4.193800926208496,1.0,0.5713000297546387,1.0,1.0
840,0.0,4.194175720214844,1.0,0.5713000297546387,1.0,1.0
841,0.0,4.194452285766602,1.0,0.5712000131607056,1.0,1.0
842,0.0,4.194554328918457,1.0,0.5713000297546387,1.0,1.0
843,0.0,4.195115566253662,1.0,0.5713000297546387,1.0,1.0
844,0.0,4.19540548324585,1.0,0.571399986743927,1.0,1.0
845,0.0,4.195633411407471,1.0,0.571399986743927,1.0,1.0
846,0.0,4.195716381072998,1.0,0.5712000131607056,1.0,1.0
847,0.0,4.195881366729736,1.0,0.5712000131607056,1.0,1.0
848,0.0,4.196145534515381,1.0,0.571399986743927,1.0,1.0
849,0.0,4.196388244628906,1.0,0.571399986743927,1.0,1.0
850,0.0,4.196507930755615,1.0,0.5715000033378601,1.0,1.0
851,0.0,4.19696044921875,1.0,0.5715000033378601,1.0,1.0
852,0.0,4.197203636169434,1.0,0.5712000131607056,1.0,1.0
853,0.0,4.197518825531006,1.0,0.5715000033378601,1.0,1.0
854,0.0,4.197788715362549,1.0,0.571399986743927,1.0,1.0
855,0.0,4.198156833648682,1.0,0.5713000297546387,1.0,1.0
856,0.0,4.198432922363281,1.0,0.5713000297546387,1.0,1.0
857,0.0,4.198453426361084,1.0,0.5713000297546387,1.0,1.0
858,0.0,4.198533058166504,1.0,0.571399986743927,1.0,1.0
859,0.0,4.19891357421875,1.0,0.5713000297546387,1.0,1.0
860,0.0,4.199424743652344,1.0,0.5712000131607056,1.0,1.0
861,0.0,4.199646949768066,1.0,0.5716000199317932,1.0,1.0
862,0.0,4.199929237365723,1.0,0.5710999965667725,1.0,1.0
863,0.0,4.200199604034424,1.0,0.5710999965667725,1.0,1.0
864,0.0,4.200228691101074,1.0,0.5710999965667725,1.0,1.0
865,0.0,4.200433254241943,1.0,0.5712000131607056,1.0,1.0
866,0.0,4.2005181312561035,1.0,0.5713000297546387,1.0,1.0
867,0.0,4.20104455947876,1.0,0.5712000131607056,1.0,1.0
868,0.0,4.2010817527771,1.0,0.5710999965667725,1.0,1.0
869,0.0,4.201478481292725,1.0,0.5710999965667725,1.0,1.0
870,0.0,4.20159912109375,1.0,0.570900022983551,1.0,1.0
871,0.0,4.201797962188721,1.0,0.570900022983551,1.0,1.0
872,0.0,4.201998710632324,1.0,0.5705999732017517,1.0,1.0
873,0.0,4.202159881591797,1.0,0.5709999799728394,1.0,1.0
874,0.0,4.202420234680176,1.0,0.5708000063896179,1.0,1.0
875,0.0,4.202462196350098,1.0,0.570900022983551,1.0,1.0
876,0.0,4.2028422355651855,1.0,0.570900022983551,1.0,1.0
877,0.0,4.203094959259033,1.0,0.570900022983551,1.0,1.0
878,0.0,4.20340633392334,1.0,0.5705999732017517,1.0,1.0
879,0.0,4.203543186187744,1.0,0.5712000131607056,1.0,1.0
880,0.0,4.203815460205078,1.0,0.5705000162124634,1.0,1.0
881,0.0,4.204089641571045,1.0,0.5705999732017517,1.0,1.0
882,0.0,4.204394340515137,1.0,0.5705000162124634,1.0,1.0
883,0.0,4.204648971557617,1.0,0.570900022983551,1.0,1.0
884,0.0,4.204799652099609,1.0,0.5705999732017517,1.0,1.0
885,0.0,4.205004692077637,1.0,0.5706999897956848,1.0,1.0
886,0.0,4.205167770385742,1.0,0.5706999897956848,1.0,1.0
887,0.0,4.205378532409668,1.0,0.5706999897956848,1.0,1.0
888,0.0,4.205593109130859,1.0,0.5705000162124634,1.0,1.0
889,0.0,4.206094264984131,1.0,0.5706999897956848,1.0,1.0
890,0.0,4.206094264984131,1.0,0.5705000162124634,1.0,1.0
891,0.0,4.206425189971924,1.0,0.5702999830245972,1.0,1.0
892,0.0,4.206715106964111,1.0,0.5705999732017517,1.0,1.0
893,0.0,4.207036018371582,1.0,0.5705999732017517,1.0,1.0
894,0.0,4.2072553634643555,1.0,0.5705999732017517,1.0,1.0
895,0.0,4.207441806793213,1.0,0.5705999732017517,1.0,1.0
896,0.0,4.207650661468506,1.0,0.5708000063896179,1.0,1.0
897,0.0,4.207802772521973,1.0,0.5709999799728394,1.0,1.0
898,0.0,4.208019733428955,1.0,0.5705000162124634,1.0,1.0
899,0.0,4.208190441131592,1.0,0.5706999897956848,1.0,1.0
900,0.0,4.208512783050537,1.0,0.5703999996185303,1.0,1.0
901,0.0,4.208829879760742,1.0,0.5705000162124634,1.0,1.0
902,0.0,4.209075450897217,1.0,0.5705999732017517,1.0,1.0
903,0.0,4.208987712860107,1.0,0.570900022983551,1.0,1.0
904,0.0,4.209465026855469,1.0,0.5705000162124634,1.0,1.0
905,0.0,4.209661960601807,1.0,0.5706999897956848,1.0,1.0
906,0.0,4.210049629211426,1.0,0.5705999732017517,1.0,1.0
907,0.0,4.210259437561035,1.0,0.5705000162124634,1.0,1.0
908,0.0,4.210369110107422,1.0,0.5702999830245972,1.0,1.0
909,0.0,4.21049165725708,1.0,0.5702999830245972,1.0,1.0
910,0.0,4.210748195648193,1.0,0.5703999996185303,1.0,1.0
911,0.0,4.211056232452393,1.0,0.5702000260353088,1.0,1.0
912,0.0,4.211146354675293,1.0,0.5698999762535095,1.0,1.0
913,0.0,4.211245059967041,1.0,0.5701000094413757,1.0,1.0
914,0.0,4.211347579956055,1.0,0.5701000094413757,1.0,1.0
915,0.0,4.211605072021484,1.0,0.5702999830245972,1.0,1.0
916,0.0,4.211733818054199,1.0,0.5702999830245972,1.0,1.0
917,0.0,4.211944103240967,1.0,0.5702000260353088,1.0,1.0
918,0.0,4.212306499481201,1.0,0.5702999830245972,1.0,1.0
919,0.0,4.212545394897461,1.0,0.5702000260353088,1.0,1.0
920,0.0,4.212778568267822,1.0,0.5701000094413757,1.0,1.0
921,0.0,4.213101387023926,1.0,0.5702000260353088,1.0,1.0
922,0.0,4.213286876678467,1.0,0.5702999830245972,1.0,1.0
923,0.0,4.213850498199463,1.0,0.5702000260353088,1.0,1.0
924,0.0,4.2138519287109375,1.0,0.5701000094413757,1.0,1.0
925,0.0,4.21429443359375,1.0,0.5699999928474426,1.0,1.0
926,0.0,4.214245319366455,1.0,0.5698999762535095,1.0,1.0
927,0.0,4.214339256286621,1.0,0.5702999830245972,1.0,1.0
928,0.0,4.214664459228516,1.0,0.5698999762535095,1.0,1.0
929,0.0,4.214652061462402,1.0,0.5699999928474426,1.0,1.0
930,0.0,4.215031147003174,1.0,0.5698000192642212,1.0,1.0
931,0.0,4.215045928955078,1.0,0.5699999928474426,1.0,1.0
932,0.0,4.215597152709961,1.0,0.5701000094413757,1.0,1.0
933,0.0,4.215647220611572,1.0,0.5702999830245972,1.0,1.0
934,0.0,4.216116428375244,1.0,0.5698999762535095,1.0,1.0
935,0.0,4.215970993041992,1.0,0.5698999762535095,1.0,1.0
936,0.0,4.216564178466797,1.0,0.5698999762535095,1.0,1.0
937,0.0,4.216598033905029,1.0,0.5698999762535095,1.0,1.0
938,0.0,4.216920852661133,1.0,0.5699999928474426,1.0,1.0
939,0.0,4.21720027923584,1.0,0.5698999762535095,1.0,1.0
940,0.0,4.21740198135376,1.0,0.5698999762535095,1.0,1.0
941,0.0,4.21751070022583,1.0,0.5701000094413757,1.0,1.0
942,0.0,4.2176737785339355,1.0,0.5699999928474426,1.0,1.0
943,0.0,4.217793941497803,1.0,0.5697000026702881,1.0,1.0
944,0.0,4.218050479888916,1.0,0.5698999762535095,1.0,1.0
945,0.0,4.218257427215576,1.0,0.5701000094413757,1.0,1.0
946,0.0,4.218511581420898,1.0,0.569599986076355,1.0,1.0
947,0.0,4.21864128112793,1.0,0.5698000192642212,1.0,1.0
948,0.0,4.218716621398926,1.0,0.5699999928474426,1.0,1.0
949,0.0,4.21905517578125,1.0,0.5699999928474426,1.0,1.0
950,0.0,4.219318389892578,1.0,0.5698999762535095,1.0,1.0
951,0.0,4.219405174255371,1.0,0.5701000094413757,1.0,1.0
952,0.0,4.219542980194092,1.0,0.5698999762535095,1.0,1.0
953,0.0,4.219894886016846,1.0,0.5698999762535095,1.0,1.0
954,0.0,4.220113277435303,1.0,0.5701000094413757,1.0,1.0
955,0.0,4.220142841339111,1.0,0.5701000094413757,1.0,1.0
956,0.0,4.220554351806641,1.0,0.5699999928474426,1.0,1.0
957,0.0,4.220799922943115,1.0,0.5701000094413757,1.0,1.0
958,0.0,4.221010208129883,1.0,0.5702000260353088,1.0,1.0
959,0.0,4.221236228942871,1.0,0.5699999928474426,1.0,1.0
960,0.0,4.221642971038818,1.0,0.5699999928474426,1.0,1.0
961,0.0,4.221704959869385,1.0,0.5698999762535095,1.0,1.0
962,0.0,4.222012519836426,1.0,0.5701000094413757,1.0,1.0
963,0.0,4.22219705581665,1.0,0.5702000260353088,1.0,1.0
964,0.0,4.222379207611084,1.0,0.5699999928474426,1.0,1.0
965,0.0,4.222658157348633,1.0,0.5702000260353088,1.0,1.0
966,0.0,4.222882270812988,1.0,0.5701000094413757,1.0,1.0
967,0.0,4.222944736480713,1.0,0.5699999928474426,1.0,1.0
968,0.0,4.223259925842285,1.0,0.5698999762535095,1.0,1.0
969,0.0,4.223466396331787,1.0,0.5702000260353088,1.0,1.0
970,0.0,4.223607540130615,1.0,0.5703999996185303,1.0,1.0
971,0.0,4.223895072937012,1.0,0.5702000260353088,1.0,1.0
972,0.0,4.224114894866943,1.0,0.5702000260353088,1.0,1.0
973,0.0,4.224208354949951,1.0,0.5699999928474426,1.0,1.0
974,0.0,4.224430561065674,1.0,0.5703999996185303,1.0,1.0
975,0.0,4.224538803100586,1.0,0.5702000260353088,1.0,1.0
976,0.0,4.22485876083374,1.0,0.5701000094413757,1.0,1.0
977,0.0,4.2249531745910645,1.0,0.5699999928474426,1.0,1.0
978,0.0,4.225255966186523,1.0,0.5699999928474426,1.0,1.0
979,0.0,4.225381374359131,1.0,0.5701000094413757,1.0,1.0
980,0.0,4.225619316101074,1.0,0.5701000094413757,1.0,1.0
981,0.0,4.226022720336914,1.0,0.5701000094413757,1.0,1.0
982,0.0,4.226040840148926,1.0,0.5702000260353088,1.0,1.0
983,0.0,4.226168632507324,1.0,0.5699999928474426,1.0,1.0
984,0.0,4.226579666137695,1.0,0.5701000094413757,1.0,1.0
985,0.0,4.226830005645752,1.0,0.5702000260353088,1.0,1.0
986,0.0,4.227115154266357,1.0,0.5701000094413757,1.0,1.0
987,0.0,4.227343559265137,1.0,0.5701000094413757,1.0,1.0
988,0.0,4.2277398109436035,1.0,0.5702000260353088,1.0,1.0
989,0.0,4.227764129638672,1.0,0.5702000260353088,1.0,1.0
990,0.0,4.228193759918213,1.0,0.5699999928474426,1.0,1.0
991,0.0,4.228298664093018,1.0,0.5703999996185303,1.0,1.0
992,0.0,4.228424549102783,1.0,0.5702000260353088,1.0,1.0
993,0.0,4.228677272796631,1.0,0.5701000094413757,1.0,1.0
994,0.0,4.228980541229248,1.0,0.5702000260353088,1.0,1.0
995,0.0,4.2290191650390625,1.0,0.5702000260353088,1.0,1.0
996,0.0,4.229359149932861,1.0,0.5699999928474426,1.0,1.0
997,0.0,4.22930908203125,1.0,0.5699999928474426,1.0,1.0
998,0.0,4.229623794555664,1.0,0.5702000260353088,1.0,1.0
999,0.0,4.229752540588379,1.0,0.5702999830245972,1.0,1.0
1000,0.0,4.2299580574035645,1.0,0.5699999928474426,1.0,1.0